6625 6600 6475 6725 6900 6925 6575 6725 6800 6650 6575 7025 6725 6500 6825 7025 6625 6475 6550 6750 6625 6600 6425 6850 6875 
6750 6775 6225 6825 6625 6375 6625 6375 6800 6550 6700 6700 6525 6625 6375 6325 6775 6200 6950 6375 6575 6925 6825 6600 6375 
6725 6600 6650 6525 6675 6700 6300 6450 6725 6450 6500 7025 6500 6375 6675 6600 6750 6575 6950 6650 6650 6725 6625 6375 6700 
7000 6550 6700 6600 6775 6625 6500 6225 6425 6550 6600 6325 6600 6775 6850 6575 6725 6650 6500 6150 6575 6825 6375 6875 6625 
6500 6575 6450 6625 6600 6325 6850 6675 6450 6600 6650 6475 6650 6475 6725 6400 6750 6550 6650 6525 6600 0 6750 6550 6725 
6375 6775 6500 6600 6675 6425 6575 6825 6625 6925 6850 6450 6450 6550 6550 6650 6700 6850 6500 6650 6875 6500 6575 6525 6600 
6575 6700 6525 7000 6625 6600 6425 6650 6700 6375 6825 6700 6725 6425 6575 6775 6600 6500 6300 6550 6400 6500 6900 6850 6625 
6675 6550 6675 6825 6925 6625 6525 6350 6225 6700 6575 6475 6875 6700 6600 6625 6500 6600 6575 6675 6325 6725 6775 6725 6525 
6850 6675 6550 6500 6275 6525 6450 6500 6625 6775 6725 6250 6625 6525 6550 6250 6275 6600 6425 6525 6525 6875 6675 6250 6550 
6725 6725 6575 6475 6575 6700 6525 6625 6875 6425 6825 6725 6700 6550 6700 6525 6650 6200 6350 6425 6375 6650 6725 6975 6425 
6775 6550 6775 6600 6350 6425 6550 6700 6350 6525 6425 6625 6775 6575 6675 6450 6750 6675 6525 6475 6650 6300 6500 6675 6100 
6625 6575 6500 6475 6600 6550 6450 6625 6600 6600 6475 6575 6475 6975 6600 7050 6475 6525 6550 6650 6450 6775 6450 6275 6600 
6475 6525 6800 6600 6600 6875 6875 6725 6750 6450 6650 6625 6850 6525 6700 6325 6550 6825 6750 6525 6625 6850 6475 6575 6475 
6625 6600 6675 6625 6800 6600 6650 6650 6825 6575 6525 6900 6875 6700 6200 7050 6375 6575 6375 6550 6875 6550 6575 6550 6625 
6375 6925 6575 6875 6925 6875 6650 6625 6700 6950 6875 6700 6450 6575 6325 6800 6725 6725 6575 6650 6875 6325 6525 6925 6625 
6625 6275 6725 6500 6600 6800 6650 6600 6325 6800 6325 6550 6725 6900 6550 7100 6500 6575 6550 6775 6575 6900 6350 6600 6700 
6500 6500 6625 6750 6575 6625 7025 6725 6700 6400 6600 6425 6575 6700 6400 6675 6600 6200 6400 6850 6600 6525 6825 6650 6875 
6625 6775 6675 6875 6525 6675 6775 6425 6375 6550 6550 6500 6525 6600 6700 6625 6750 6750 6500 6475 6750 6800 6725 6500 6575 
6525 6675 6450 6500 6675 6450 6425 6675 6625 6575 6625 6550 6475 6200 6575 7025 6925 6675 6925 6575 6650 6725 6875 7000 6375 
6750 6425 6600 6750 6625 6650 6575 6600 6675 6600 6550 6450 6775 6825 6550 6575 6450 6375 6675 6550 6725 6575 6325 6525 6850 
6800 6750 6475 6650 6600 6750 6450 6625 6525 6650 6575 6725 6500 6675 6600 6775 6525 6550 6600 6650 6625 6350 6575 6550 6375 
6350 6325 6500 6625 6550 6525 6375 6600 6500 0 6575 6075 6275 6600 6475 6625 6650 6775 6275 6575 6575 6750 6800 6825 6575 
6700 6875 6675 6450 6350 6550 6325 6650 6850 6575 6675 6900 6875 6350 6600 6275 6625 6375 6975 6725 6675 6500 7075 6825 6700 
6250 6650 7000 6600 6975 6500 6700 6625 6850 6725 6450 6525 6900 6625 6900 6450 6675 6375 6500 6600 6700 6400 6200 6550 6300 
6775 6600 6375 6375 6625 6675 6650 6300 6650 6600 6550 6500 6650 6450 6600 6500 6525 6775 6975 6675 6575 6475 6600 6500 6650 
