107575 105775 105825 104250 102075 101200 102700 97425 101525 99025 100200 107600 103700 102975 97900 104025 103100 104725 102225 107800 100250 0 0 100425 0 
98425 103350 103550 102175 0 102450 105025 103750 105125 0 101275 100850 103625 0 0 100000 105450 0 101675 105575 0 101625 0 0 0 
0 103050 98950 0 0 0 104825 108450 100425 97625 0 95500 100625 102425 105175 0 0 99225 105950 104575 0 99500 0 0 0 
104250 100800 102925 95700 103450 100900 105525 105300 105125 103075 0 103625 105550 102475 102700 99300 106375 103200 100925 98300 102350 0 105850 102175 103925 
105900 107000 104025 100525 105475 0 98875 105175 100025 99625 0 0 100850 106650 101925 0 0 109675 103875 102750 99900 100300 0 99275 98300 
104450 105500 100200 97400 0 101750 98150 102600 98225 107150 103950 104425 106100 99550 101725 103475 0 103350 102425 103475 0 0 0 0 0 
0 0 0 0 0 0 103475 101750 100075 103350 0 108175 99625 100250 106675 0 0 104050 100425 103275 0 0 0 0 0 
103000 0 107825 101325 0 0 100450 101400 0 101100 0 100600 100425 104700 98225 0 0 105025 99550 102475 0 0 0 0 0 
0 100325 104200 105450 0 0 102975 0 98875 0 0 0 102350 103175 102475 0 0 103200 102150 0 0 0 0 0 0 
101275 0 0 101150 102200 106825 0 104725 97875 107150 0 104725 106800 100775 102700 0 0 100425 103175 98250 0 0 0 0 0 
95400 100350 97475 0 0 100550 103725 0 0 104875 104350 98900 101075 0 99850 104925 99975 105950 104575 106150 102250 0 0 0 0 
0 105050 0 0 100650 0 101450 102100 102725 0 0 104125 102475 101350 101600 0 0 104825 102800 0 0 0 0 0 0 
101300 0 106025 0 100950 0 102950 103800 0 101900 0 104225 100450 102100 102925 0 0 103775 103875 103875 0 0 0 0 0 
0 97050 102625 102600 104225 0 101150 101300 100175 100600 0 0 103650 98950 101850 100625 0 104650 105025 99125 0 107125 97100 99550 102875 
0 106425 105250 101325 105875 0 107625 104675 99000 101700 106525 105675 101875 104125 98525 98000 102100 102125 99050 105975 0 99575 104425 102675 101375 
104575 101825 101825 102125 0 106625 104000 106625 102625 102725 99300 97125 99250 102450 104375 101825 105800 104175 100625 98525 101225 97150 104750 99900 0 
0 0 0 0 0 102475 107900 98875 103100 99125 102725 102425 102650 105225 102750 101300 103075 105300 101450 105475 0 95375 0 99025 102075 
105400 0 104800 0 0 102050 105400 99850 104000 102150 104250 101450 106225 106125 106100 0 96825 103875 94475 100875 107550 0 100700 107325 0 
0 0 0 104975 95650 0 105425 104875 104575 0 0 0 102950 104250 97525 0 0 99325 102575 108575 0 100875 0 0 0 
0 0 103750 0 97600 0 0 104600 103975 99750 0 104900 99575 100750 105775 99925 104225 104375 107575 98850 0 0 99050 99200 0 
104375 0 0 104125 0 101075 0 100950 98575 107600 105425 98100 101325 108125 97450 106975 97475 103600 103575 0 104675 102600 101600 95475 101700 
104875 102875 104825 0 0 105700 104475 100300 106975 103500 0 103875 104975 107475 102125 102375 101275 101850 103600 96950 106800 101800 99825 104150 0 
0 0 0 0 0 100425 0 0 106150 106525 102175 103350 101750 99750 105050 0 103825 104525 103125 105525 0 101600 102925 102975 103825 
100075 102025 97950 99275 0 0 0 103425 104000 103600 0 0 102675 99050 103325 103625 99150 100275 102600 107225 0 100625 104650 107125 106100 
0 98750 0 105850 101450 0 0 102650 102925 102050 0 0 98775 100725 98825 0 0 101950 100900 100525 0 106500 104250 104825 98500 
