625400 655325 652875 651925 674350 665050 610775 651175 637200 645775 644100 661500 646950 634675 661350 643650 693925 608625 663550 650725 628075 640075 644300 645525 630075 
0 667000 628600 0 0 0 642850 0 0 665600 0 0 643950 661025 653925 0 0 633575 0 654425 0 645225 658350 641825 0 
590300 0 649825 0 0 0 0 639250 0 633000 0 0 687475 666850 617475 0 0 643150 0 644250 0 640750 635600 647100 0 
0 0 627350 617575 656875 0 0 649050 0 647900 0 0 678175 652750 647350 0 0 669300 659550 664025 0 0 655675 620150 0 
652250 655200 0 628950 651550 0 0 0 0 653625 0 0 610450 0 0 653225 0 0 0 643800 0 0 0 0 0 
0 0 0 646800 0 660525 641550 0 670750 579250 639525 0 598275 634675 638825 638750 0 645600 0 0 0 0 0 640700 0 
0 0 0 0 0 637175 656600 0 0 636400 0 0 655450 630200 643150 624575 644900 0 0 640450 624850 620600 636350 652225 0 
0 648925 656800 0 0 0 670400 643500 0 641050 0 0 616725 639025 637575 0 0 657250 0 627650 0 0 0 625575 0 
0 0 0 617225 0 656450 648275 0 594200 661500 607275 0 653825 624000 633550 617625 0 648850 0 669800 666950 614575 642050 653050 0 
0 0 0 0 0 0 0 662425 639625 625950 0 0 628300 632475 623900 0 0 637350 633850 640200 0 0 635550 632425 0 
657600 0 626550 0 0 0 0 0 0 648675 669075 0 624575 0 646975 673575 0 657825 0 655850 0 659475 637075 621500 0 
0 0 0 0 0 650300 628350 0 0 656975 609500 655325 625675 649850 630275 617900 656375 666675 0 646700 0 652250 621400 598175 0 
617825 614775 630225 636550 641250 680900 634200 659150 649025 628550 671900 635000 636300 635400 663925 639900 649150 595025 631850 636100 649150 627075 628325 631950 625625 
0 0 0 639725 617000 0 669675 0 0 639825 0 0 646025 640250 638775 0 0 0 636400 626950 0 0 0 0 0 
646200 0 0 0 629450 643950 0 0 0 0 640050 0 669525 605750 643975 0 0 0 0 0 0 0 0 0 0 
650225 654450 0 641950 0 635450 0 0 0 638225 0 0 640475 0 0 644800 660000 0 0 592600 607625 655475 640400 649725 0 
0 0 0 0 0 0 0 0 0 0 0 0 629900 628225 653400 0 660175 643050 645175 657625 0 653850 646350 626275 0 
0 0 0 0 0 0 0 0 0 0 629675 0 616250 0 0 640050 625450 645700 640725 606150 0 656950 629850 648375 0 
0 0 0 0 0 0 0 0 0 0 0 0 646400 649450 0 0 643100 659450 652750 638575 0 0 643900 617350 0 
0 0 0 0 645100 0 0 0 0 638175 0 0 661125 0 0 0 0 0 656050 650750 0 0 0 0 0 
0 0 0 0 0 611325 0 0 0 661150 642475 0 624175 629025 604050 618025 0 639950 0 621750 620500 639625 630775 646500 646525 
0 660250 0 0 0 0 0 0 0 0 0 0 640450 0 0 0 658825 0 648400 645825 0 642050 648325 680325 0 
0 0 653050 0 0 0 0 656075 0 677125 0 0 683600 0 619950 0 0 628125 661275 642375 0 0 618525 604400 0 
0 0 0 0 0 0 0 0 659100 627225 0 0 649950 641875 637175 0 0 0 674300 0 638000 0 0 667825 626750 
0 0 0 0 0 0 0 0 0 0 0 0 623650 0 634625 0 0 0 0 0 0 0 0 0 614450 
