663575 628625 613275 627975 649425 626350 671950 607625 611925 613650 642825 587275 654450 660725 633325 639000 622300 653300 670375 679100 612750 614725 642225 665050 659075 
0 626025 642550 0 0 0 0 0 0 629150 0 0 628575 636025 651425 0 0 633250 0 657300 0 648950 630325 628350 0 
0 0 638375 0 0 630475 0 624725 0 662575 0 619000 614525 679600 649550 0 0 648000 0 628050 0 639350 612650 640450 0 
0 0 616775 664975 0 0 0 634200 0 655975 0 0 645700 652175 624400 0 0 625975 0 632550 0 0 621700 614975 0 
0 653875 0 622750 631825 639400 0 0 0 629475 652175 0 617700 0 632200 619975 0 622100 0 629000 0 0 0 0 0 
0 0 0 641025 0 649575 622725 0 638450 589775 615425 620925 629950 637750 634575 658925 0 621650 0 650350 0 0 618075 637675 0 
0 0 0 0 0 635975 658625 0 0 654725 627525 630725 644825 613050 638875 641550 643700 0 0 637275 0 660600 654075 640125 0 
0 620575 643000 0 0 0 0 621300 0 666725 0 0 618375 624100 646575 0 0 675000 0 638650 0 0 0 634250 658000 
0 0 0 640600 0 639025 668725 0 656450 638925 646925 0 634250 641050 661500 670250 0 647050 0 632600 643000 0 656600 645200 0 
0 0 0 0 0 0 0 671325 617450 637150 0 0 644050 640275 621200 0 0 625925 639575 613025 0 0 650475 641500 0 
0 0 630450 0 0 640725 0 0 0 616025 667000 661200 624875 0 621150 631075 0 643650 0 611850 0 623475 629700 628700 649100 
0 0 0 0 0 625300 633650 0 0 616700 631950 649450 633525 615625 636975 640950 622725 637150 0 613950 651925 617000 607600 623425 0 
637275 676350 626750 612300 622425 661250 653475 657950 625300 646350 637500 636325 640525 627100 641625 637150 630475 651375 622050 611325 685125 621125 649350 621525 654025 
0 0 0 638025 0 0 644250 0 0 631000 0 626275 631050 667550 661475 0 0 0 0 629200 0 0 0 0 0 
0 0 0 0 629675 638325 667325 0 0 0 645300 636575 646500 658200 642050 0 0 0 0 0 0 0 0 0 0 
0 633750 0 660500 0 642075 0 0 0 645475 655375 0 639100 0 0 656900 654450 623300 0 634650 0 618125 647450 634700 0 
0 0 0 0 0 0 0 0 0 0 0 617300 639225 639250 635475 0 638550 609125 595750 655125 0 624800 649475 648025 0 
0 0 0 0 0 0 0 0 0 0 651400 0 617975 0 0 651375 608700 657300 615650 643825 0 638500 617300 668350 0 
0 0 0 0 0 0 0 0 0 0 0 0 651275 618000 0 0 655625 635900 656250 638775 0 0 661125 635000 0 
0 0 0 0 602275 0 0 0 0 623675 0 0 665175 0 609325 0 0 0 644725 636000 0 0 0 0 636100 
0 0 0 0 0 625825 0 0 0 631450 622375 0 663950 634875 668725 670325 0 644100 0 656550 609675 0 638775 670300 620475 
0 634275 0 0 0 0 0 0 0 0 0 0 649075 0 0 0 607925 638275 653450 674500 0 642000 660875 604775 0 
0 0 624275 0 0 0 0 644200 0 609700 0 0 638600 0 671925 0 0 621300 632125 640250 0 0 624675 611325 0 
0 0 0 0 0 0 0 0 644075 0 0 0 676825 646550 647250 0 0 0 600725 0 620975 0 0 681125 630575 
0 0 0 0 0 0 0 0 0 0 0 0 648075 0 665225 0 0 602550 0 0 0 0 0 0 635350 
