102025 103750 0 104000 0 101275 106575 108350 101025 0 101275 100375 102625 0 0 100000 101550 0 0 0 102000 0 0 0 0 
103925 99275 101375 0 0 0 100850 0 0 0 0 0 105150 0 0 0 0 0 0 0 0 0 0 0 0 
0 0 0 0 0 0 0 99600 0 0 0 0 0 0 0 0 0 102475 0 0 0 0 0 0 0 
0 0 97975 0 0 0 0 0 0 0 0 0 0 0 0 0 0 0 0 0 0 0 0 0 0 
0 0 0 0 0 0 0 0 0 0 0 0 0 0 0 0 0 0 0 0 0 0 0 0 0 
102975 105150 0 0 0 101500 104500 102175 0 0 0 0 0 0 0 104375 0 0 0 0 0 0 0 0 0 
101075 0 0 0 0 101450 100625 0 0 0 0 99475 0 0 0 0 0 0 0 0 0 0 0 0 0 
0 0 104950 0 0 103775 0 0 0 0 0 0 0 0 0 0 0 0 0 0 0 0 0 0 0 
0 0 0 0 0 0 0 0 0 0 0 0 100325 0 0 0 0 0 0 0 0 0 0 0 0 
0 0 0 0 0 0 0 0 0 0 0 0 0 0 0 0 0 0 0 0 0 0 0 0 0 
0 0 0 0 0 105450 105500 0 0 0 106100 100650 0 0 0 0 102050 0 0 0 102500 102325 0 0 0 
0 0 0 0 0 101850 0 0 0 0 102500 101050 0 0 0 93050 0 0 0 0 0 0 0 0 0 
0 0 0 0 0 0 100325 0 0 0 0 99050 102500 0 0 0 0 101875 0 0 0 0 0 0 0 
0 0 0 0 0 0 0 0 0 0 0 0 0 0 0 0 0 0 0 0 0 0 0 0 0 
0 0 0 0 0 0 0 0 0 0 0 0 0 0 0 0 0 0 0 0 0 0 0 0 0 
107175 0 0 0 0 0 0 0 0 0 105475 0 0 0 0 105200 0 100425 0 0 0 0 0 0 0 
0 0 0 0 0 97900 101250 0 0 0 0 0 0 0 0 0 104450 101700 0 0 0 0 100825 0 0 
0 0 0 0 0 0 109075 107275 0 0 102350 0 102575 0 0 0 0 102600 0 0 0 0 0 0 0 
0 0 0 0 0 0 0 0 0 0 0 0 0 0 0 0 0 0 0 0 0 0 0 0 0 
0 0 0 0 0 0 0 0 0 0 0 0 0 0 0 0 0 0 0 0 0 0 0 0 0 
0 0 0 0 0 0 0 0 0 0 95875 0 0 0 0 0 0 104900 0 0 0 0 0 0 0 
0 0 0 0 0 0 0 0 0 0 0 101450 0 0 0 0 0 0 0 0 0 0 0 0 0 
0 0 0 0 0 0 0 0 0 0 0 0 96525 0 0 0 0 0 0 0 0 0 0 0 0 
0 0 0 0 0 0 0 0 0 0 0 0 0 0 0 0 0 0 0 0 0 0 0 0 0 
0 0 0 0 0 0 0 0 0 0 0 0 0 0 0 0 0 0 0 0 0 0 0 0 0 
