500 1450 1475 1450 1450 1400 1425 1000 1400 1425 1450 500 500 1425 1425 1400 1450 1450 1450 1450 1450 1450 1450 1375 1450 
0 500 500 0 500 0 500 500 0 0 0 500 500 500 0 0 0 0 0 0 0 0 0 0 0 
0 0 0 500 0 500 0 500 0 0 0 500 500 500 0 0 0 0 0 0 0 0 0 0 0 
0 0 0 0 500 0 0 500 500 0 0 500 500 500 0 0 0 0 0 0 0 0 0 0 0 
0 500 0 0 0 0 0 500 0 0 0 500 500 500 500 0 0 0 0 0 0 0 0 0 0 
500 0 0 0 0 500 0 500 500 0 0 500 500 500 0 0 500 0 0 0 0 0 0 0 0 
500 0 500 0 0 0 500 500 0 500 0 500 500 500 0 0 0 0 0 0 0 0 0 0 0 
0 0 1000 0 0 0 975 500 500 0 500 500 500 500 0 0 500 0 0 0 0 0 0 0 0 
0 0 0 0 0 0 0 500 0 500 0 500 500 500 0 0 0 0 0 0 0 0 0 0 0 
0 0 0 0 0 0 500 500 0 0 0 500 500 500 0 0 0 0 500 0 0 0 0 0 0 
500 500 0 0 0 1475 0 500 0 0 1425 500 500 500 0 0 0 0 0 0 0 500 0 0 0 
0 0 0 0 0 500 0 500 0 0 1000 500 500 500 0 0 0 0 0 0 0 0 500 0 0 
0 500 500 0 0 500 500 500 0 0 500 500 500 500 0 500 500 0 0 0 0 500 0 500 0 
0 0 0 0 500 0 0 500 0 0 500 500 500 500 0 0 0 0 0 0 0 0 0 0 500 
500 0 0 0 0 0 0 500 0 0 0 500 500 500 0 0 0 0 0 0 0 0 0 500 0 
0 0 0 0 0 500 0 500 0 0 500 500 500 500 0 0 0 0 500 0 0 0 500 0 0 
0 0 0 0 0 0 0 500 0 0 0 500 500 500 0 0 0 0 0 0 0 0 0 0 0 
0 0 0 0 0 0 0 500 0 0 0 500 500 500 500 0 0 0 0 0 0 0 0 0 0 
0 0 0 0 0 0 0 500 0 500 0 500 500 500 0 500 0 0 0 0 0 0 0 0 0 
0 0 0 0 0 500 0 500 0 0 0 500 500 500 0 0 0 0 0 500 0 0 0 0 0 
0 0 0 0 0 0 0 500 0 0 0 500 500 500 0 500 0 500 0 0 0 0 0 500 0 
0 0 0 0 0 0 0 500 0 0 0 500 500 500 0 0 0 0 500 0 500 0 0 0 0 
0 0 0 0 0 0 0 500 0 0 0 500 500 500 0 0 0 500 0 500 0 0 0 0 0 
0 0 0 0 0 0 0 500 0 0 0 500 500 500 0 0 0 0 0 0 500 0 500 0 0 
0 0 0 0 0 0 0 500 0 0 500 500 500 500 0 0 0 0 0 0 0 0 0 0 500 
