406400 0 0 0 0 0 0 0 0 0 0 0 0 0 0 0 0 0 0 0 0 0 0 0 0 
0 0 0 0 0 0 0 0 0 0 0 0 0 0 0 423075 0 0 0 0 0 0 0 0 0 
0 0 410375 0 0 0 0 385075 0 0 0 0 404725 0 0 0 0 0 0 0 0 0 0 0 0 
0 409875 0 0 0 0 0 0 0 0 0 0 0 409675 0 0 0 0 0 0 0 0 0 0 0 
395550 0 0 0 0 0 0 0 0 0 0 0 0 0 417950 0 0 0 0 0 0 0 0 0 0 
0 406175 0 0 0 0 0 399025 0 0 0 416050 0 0 0 410225 0 0 0 0 0 0 0 0 0 
0 0 0 0 0 0 408925 393725 0 0 0 0 0 0 0 0 0 0 0 0 0 0 0 0 0 
0 0 0 0 0 0 421150 405075 0 0 0 0 398800 406675 0 0 0 0 0 0 0 0 0 0 0 
0 0 0 0 0 0 0 0 0 0 0 0 0 0 0 0 0 0 0 0 0 0 0 0 0 
0 0 0 0 0 0 0 396600 0 0 0 0 0 0 0 0 0 0 0 0 0 0 0 0 0 
0 0 0 0 0 401825 0 0 0 0 405500 0 0 0 0 0 0 0 0 0 0 400275 0 0 0 
0 0 0 0 0 0 0 0 0 0 0 404275 0 0 0 0 0 0 0 0 0 0 0 0 0 
0 0 0 0 0 0 0 0 0 0 0 0 422175 0 0 0 0 0 0 0 0 0 402950 0 0 
0 0 0 0 0 0 0 420700 0 0 0 0 411025 405200 0 0 0 0 0 0 0 0 0 0 0 
0 0 0 0 0 0 0 0 0 0 0 408950 415900 0 0 0 0 0 0 0 0 0 0 0 0 
0 422775 0 0 0 0 415575 417825 0 0 0 0 0 402625 0 423900 403375 0 0 402475 0 0 0 0 0 
0 0 0 0 0 0 0 0 0 0 0 0 0 0 0 0 0 0 0 0 0 0 0 0 0 
0 0 0 0 0 0 0 0 0 0 0 0 0 0 0 0 0 0 0 0 0 0 0 0 0 
0 0 0 0 0 0 0 0 0 0 0 0 0 414375 0 399600 0 0 0 0 0 0 0 0 0 
0 0 0 0 0 0 0 420925 0 0 0 0 404500 0 0 0 397225 0 0 420700 0 0 0 0 0 
0 0 0 0 0 0 0 0 0 0 0 0 0 0 0 0 399725 0 0 0 396000 0 0 0 0 
0 0 0 0 0 0 0 0 0 0 0 409725 0 0 0 0 0 0 0 0 0 417175 0 0 0 
0 0 0 0 0 0 0 396750 0 0 0 0 0 0 0 0 0 409200 0 0 0 0 0 0 403725 
403600 0 0 0 0 0 0 0 0 0 0 0 0 0 0 0 0 0 0 0 0 0 0 405500 0 
0 0 403600 0 0 0 0 0 0 0 0 0 0 0 419775 0 0 0 0 406025 0 406300 0 0 0 
