6525 6875 6375 6825 6500 6750 6725 6675 6650 6375 6600 6825 6500 0 0 0 
6475 6425 6550 6600 6350 6525 6375 6600 6325 6725 6650 6400 6850 6600 0 0 
6600 6675 6600 6500 6550 6600 6550 6725 6750 6425 6475 6525 6650 0 6275 0 
6650 6650 6450 6800 6775 6625 6550 6500 6250 7000 7050 6675 0 0 6500 6575 
6475 6600 6450 6250 7100 6650 6500 6575 6550 6800 6675 6550 6250 6375 6425 6500 
6350 6675 6500 6625 6550 6575 6575 6400 6475 6750 6675 6550 6825 6800 6525 6625 
6875 6500 6600 6700 6975 6800 6475 6575 6700 6600 6775 6650 6725 6625 6525 6775 
6575 6175 6475 6525 6725 6425 6925 6650 6775 6475 6550 6675 6400 6600 6675 6325 
6600 6750 6700 6925 6750 6750 6675 6425 6325 6475 6575 6650 6350 6425 6575 6325 
6625 6525 6800 6850 6825 6475 6675 6525 6725 6500 6550 6925 6775 6750 6575 6725 
6775 6775 6650 6725 6575 6725 6425 6725 6625 6850 6875 6725 6525 6575 6800 6550 
6775 0 6850 6550 6875 6750 6775 6575 6475 6425 6775 6750 6600 6650 6650 6625 
6575 0 6525 6475 6725 6475 0 6700 6650 6875 6600 6725 6525 6625 6775 6525 
6750 6550 6425 6500 6825 6700 6400 6300 6450 6600 6725 6650 6750 6500 6700 6650 
6625 0 6625 6775 6675 6125 6700 6800 6575 6675 6325 6800 6200 6700 6575 6775 
0 0 0 6500 0 6400 6475 6700 6625 6325 6425 6550 6400 6550 6250 6775 
