104025 98000 96025 0 100500 100750 106175 0 98525 104000 106500 108925 99900 102375 98525 103825 
0 106950 107875 103875 100800 101175 98725 105575 102250 101450 102175 103925 101000 103100 99450 106250 
104175 100425 104650 103050 103925 105075 105950 103825 109600 104700 99000 103400 99025 102475 103850 0 
101725 102525 101500 100700 109825 107775 103250 107275 106000 103725 106350 102150 0 105150 105725 106800 
104050 98725 105375 108075 103925 103175 104125 102750 99575 100450 99550 99325 102100 102475 100725 101250 
0 101600 101675 0 107525 105725 100925 103000 101150 102050 101475 102150 0 0 101300 0 
0 103925 102500 102000 106950 100125 101925 0 98950 100950 103125 103125 0 100575 105775 103375 
99575 98700 104000 98625 102150 99950 101400 107175 105650 106250 99500 100675 0 102175 94600 103925 
107775 98225 0 0 105900 102175 102800 98450 99525 101050 106725 0 100950 102500 97850 101775 
0 101725 104275 103175 98600 103900 107650 100900 106825 104225 99700 103150 98375 106000 107175 103200 
102850 105775 105450 0 106725 101500 103875 0 99700 102175 104075 101825 102300 0 98500 96250 
98525 104325 99825 102000 104575 100075 102525 102775 97250 99725 101675 105425 100625 101300 104525 99250 
101975 100675 101150 101225 101125 105975 101750 101750 99825 105500 105825 100675 100825 99325 100000 101150 
106150 102750 98300 97450 104050 101975 103250 104200 95750 101825 101525 101000 102700 102800 97625 102250 
0 98275 98975 0 100575 102625 103975 103475 97000 99350 101425 104825 0 99900 102725 99000 
0 106700 101125 0 102675 103150 101325 96750 102475 102800 102450 100650 104900 98750 107775 102225 
