631450 638400 663175 658500 604900 607450 662575 633900 606200 645300 622000 620850 637350 645450 670000 647500 
0 637475 0 634525 0 625300 0 620450 0 0 0 0 0 0 0 0 
648300 0 613925 647475 0 661100 0 624900 0 0 639375 0 0 0 0 0 
0 0 603975 671150 0 613450 643400 622700 0 0 647875 642200 0 0 651800 0 
0 661225 0 0 635950 660000 0 0 0 0 0 0 0 0 0 0 
634575 615650 622900 625675 655600 650475 620375 653800 652000 657025 635050 651625 640625 649000 621300 630100 
0 0 667475 662600 0 623175 623775 622750 0 665675 637450 0 0 0 0 0 
0 0 0 0 0 671825 630800 646900 0 643050 636250 0 0 684600 628800 0 
0 0 0 0 0 641125 0 636100 629200 636600 0 0 655275 602375 0 0 
0 0 0 0 0 626200 0 664875 631750 615450 0 0 636225 633150 644850 0 
0 0 664000 629575 0 634375 652975 621750 620675 0 633575 0 662950 0 674425 0 
0 0 0 0 0 606975 0 0 0 0 0 634300 0 0 0 651775 
0 0 0 0 0 635525 0 0 632375 0 0 0 647275 610650 640175 0 
0 0 0 0 0 656675 0 0 0 654625 0 0 0 629400 633500 0 
0 0 645450 636450 0 658950 639350 617875 0 0 652050 633175 0 0 649075 0 
0 0 0 0 0 623375 0 0 0 0 0 0 0 0 0 632450 
