621150 642375 640400 619100 639050 629950 614075 627675 653000 643875 626650 628350 637750 639125 643550 639100 
0 638125 0 654175 0 622575 0 643925 0 0 0 0 0 0 0 0 
635550 0 667950 625050 0 622025 0 665025 0 0 647150 0 0 0 0 0 
0 0 628100 640975 0 664350 647050 604950 0 0 658375 662500 0 0 656550 0 
0 630600 0 0 625300 621725 0 0 0 0 0 0 0 0 0 0 
636000 627825 648850 645500 625375 647850 610175 625925 664025 657250 634950 648475 633075 630900 671900 650525 
0 0 633050 663175 0 645950 630575 645200 0 631275 653625 0 0 0 0 0 
0 0 0 0 0 650100 625100 611125 0 661725 630575 0 0 617225 622675 0 
0 0 0 0 0 656875 0 629575 644325 639900 0 0 657200 635775 0 0 
0 0 0 0 0 638075 0 643850 630925 622025 0 0 642475 659550 655750 0 
0 0 600825 659950 0 616825 665925 654900 616750 0 670525 0 652475 0 652650 0 
0 0 0 0 0 646600 0 0 0 0 0 638725 0 0 0 624250 
0 0 0 0 0 627200 0 0 644675 0 0 0 653375 671175 639025 0 
0 0 0 0 0 624275 0 0 0 650225 0 0 0 642150 613725 0 
0 0 676100 597975 0 634725 665800 626025 0 0 612250 626000 0 0 649050 0 
0 0 0 0 0 630925 0 0 0 0 0 0 0 0 0 601325 
