101350 100750 0 97775 98375 100350 97075 100300 100825 102475 97950 0 107150 98925 101250 0 
104450 103400 101300 0 0 101625 0 0 0 0 0 0 0 99275 0 0 
99650 0 0 0 101775 0 99800 0 0 0 102700 0 0 0 0 0 
0 0 102850 0 0 0 0 0 0 0 0 0 0 0 0 0 
103150 0 105550 0 99800 104925 103400 0 94750 0 102625 0 104275 0 0 0 
0 100925 0 0 108425 103650 0 0 101050 102225 0 0 0 0 0 0 
102325 0 95800 0 0 104275 102075 0 0 0 0 0 0 0 0 0 
0 0 0 0 0 0 0 0 0 0 101350 0 0 0 0 0 
0 0 0 0 104275 102525 95725 0 103450 101875 102050 0 0 101925 0 0 
0 103875 0 0 0 0 0 0 99100 102700 0 0 96200 105975 0 0 
102200 0 0 0 0 0 102775 0 0 102075 100325 0 0 0 102050 0 
0 0 0 0 0 0 0 0 0 0 0 0 0 0 0 0 
101500 0 0 0 99900 0 0 0 97100 0 0 0 97500 0 0 0 
0 0 0 0 100400 0 0 0 101875 103175 101550 0 0 101500 0 0 
0 0 0 0 0 0 96675 0 0 0 106600 0 0 0 96750 0 
0 0 0 0 0 0 0 0 0 0 0 0 0 0 0 0 
