500 1000 1400 1400 1000 500 1400 1450 1425 1475 1450 1425 1450 1450 1500 1450 
500 500 0 0 0 500 500 0 0 500 500 0 0 0 0 0 
0 0 500 0 0 500 500 0 0 500 500 0 0 0 0 0 
0 0 0 500 0 500 500 500 0 500 500 0 0 0 0 0 
500 0 0 0 500 500 500 0 1000 500 500 0 0 0 0 0 
500 500 500 0 500 500 500 0 500 500 500 0 500 500 0 0 
0 0 0 500 500 500 500 0 0 500 500 0 0 0 0 0 
0 0 0 0 0 500 500 500 0 500 500 0 0 0 500 0 
0 500 0 0 500 500 500 0 500 500 500 0 0 0 0 0 
0 0 0 0 500 500 500 0 0 500 500 0 500 0 0 0 
0 0 0 0 500 500 500 0 0 500 500 0 0 500 0 0 
0 0 0 0 0 500 500 0 0 500 500 500 0 0 0 0 
0 0 0 0 500 500 500 0 500 500 500 0 500 0 0 0 
0 0 0 0 0 500 500 0 0 500 500 0 0 500 0 0 
0 0 0 0 0 500 500 0 0 500 500 0 0 0 500 0 
0 0 0 0 0 500 500 0 0 500 500 0 0 0 0 500 
