0 0 0 0 396575 0 0 0 0 0 0 0 0 0 0 0 
0 0 0 0 0 437925 0 0 0 422600 399550 0 0 0 0 0 
400950 0 422925 0 0 0 0 0 0 0 0 0 0 0 0 0 
0 400600 0 407675 0 0 0 0 0 0 0 0 0 0 0 0 
0 0 399100 0 0 406700 0 0 406525 0 0 0 0 0 0 0 
0 403025 403550 0 0 400000 0 0 0 0 0 0 0 0 0 0 
0 0 0 0 0 0 403175 0 0 0 0 0 0 0 0 0 
0 0 0 410350 0 0 0 0 0 0 407875 394775 0 0 0 0 
390100 0 0 0 0 401025 0 0 401400 394600 0 430050 0 0 0 0 
403400 412525 0 0 412150 426700 0 0 429375 407950 427500 416350 0 0 0 0 
0 0 0 0 0 413475 0 398300 409450 434100 406150 0 399075 0 0 0 
0 0 0 0 0 0 0 411975 0 424450 412025 418800 0 0 0 0 
0 0 0 0 0 0 0 0 0 0 396900 0 401900 0 0 0 
0 0 0 0 0 0 0 0 0 412875 0 0 0 424025 415250 0 
0 0 0 0 0 412150 0 0 0 412250 411300 0 0 0 412550 0 
0 0 0 394975 0 0 0 0 0 404800 0 403450 0 0 0 410250 
