664900 620125 638950 642725 667925 634400 647350 639575 647725 650025 665750 636875 629925 612975 627275 623725 653225 616050 655600 649950 661975 637300 634900 655325 640300 618600 672100 615975 625750 632250 666175 656100 658050 629275 622800 630275 628900 620175 623150 660075 650625 635325 668375 622600 659725 639875 674150 633275 620450 639425 634850 682225 648975 667875 636200 617775 624800 665925 637250 651025 625450 642700 659400 633425 623100 688000 649550 643775 642700 672275 629325 663700 605725 632825 646900 624350 632200 635875 635125 657050 659700 602275 628225 619775 617400 627075 637750 657625 656100 658300 631825 622925 631625 640400 671900 635600 643675 673650 650200 628250 625475 637475 626125 647550 636625 606300 663925 623650 646325 648950 610100 658775 666800 677100 631950 620350 626850 660375 622350 662150 613650 
0 631150 0 0 0 0 0 0 0 0 0 0 0 0 0 0 0 0 0 0 0 0 0 0 0 0 0 0 0 0 0 635325 0 0 0 0 0 0 0 0 0 0 614250 0 0 0 0 0 0 0 0 0 0 0 0 0 0 0 0 0 643275 0 0 654775 0 0 0 0 0 0 0 0 0 667400 0 0 0 0 0 0 0 0 636175 665450 0 0 0 0 0 0 0 0 0 0 0 0 0 0 0 0 0 0 0 0 0 0 0 0 0 0 0 0 0 0 0 0 0 0 0 0 0 
0 0 645925 0 0 0 0 0 0 0 0 0 0 0 0 0 0 0 0 0 0 0 0 0 0 0 0 0 0 0 0 0 0 0 0 0 0 640375 0 0 0 0 648600 0 0 0 0 0 0 0 0 0 0 658725 0 0 0 0 0 0 619925 0 0 0 672800 0 0 0 0 0 0 0 0 0 0 0 0 0 0 0 0 0 0 0 0 0 0 0 0 0 0 0 0 0 0 0 0 0 0 0 0 0 0 652250 640300 0 0 0 0 0 0 0 0 0 613175 0 0 0 0 0 0 
0 0 0 660325 0 0 0 0 0 0 0 0 0 0 0 0 627575 0 0 0 0 0 0 0 0 0 630625 0 0 0 0 0 0 0 0 0 0 0 0 0 0 0 0 0 0 0 0 0 0 0 0 0 0 0 0 0 0 0 0 0 638700 0 0 0 0 0 0 0 0 0 0 0 0 0 0 0 0 0 0 0 0 0 0 0 0 642050 0 0 0 0 0 0 0 0 647925 636000 0 0 0 0 0 0 0 0 621525 0 0 0 0 0 0 0 0 0 0 631100 640600 0 0 0 0 
0 0 0 0 619975 0 0 0 0 0 0 0 0 0 0 0 0 0 0 0 0 649950 0 0 0 0 0 0 0 0 0 0 611025 0 0 0 0 0 0 0 0 0 0 640800 0 0 0 0 0 0 0 0 0 0 0 0 0 0 0 0 625075 0 0 0 0 604650 0 0 0 0 0 0 0 0 0 0 0 0 0 0 0 0 0 0 0 0 0 0 0 0 0 0 0 0 0 0 0 0 0 0 0 0 0 0 0 0 615750 0 0 0 0 0 0 0 0 637525 0 0 0 0 0 
0 0 0 0 0 644775 0 0 0 0 0 0 0 0 0 0 0 0 0 0 0 0 0 0 0 0 0 0 0 0 0 0 0 0 0 0 0 0 0 0 0 0 0 0 0 0 0 0 0 0 0 0 0 0 649825 0 0 0 0 0 616175 0 0 0 0 635725 0 0 0 0 0 0 0 0 0 0 652975 0 0 0 0 0 0 0 0 0 0 647400 0 0 0 0 0 0 0 0 0 668925 0 0 0 0 0 0 0 0 0 666025 0 0 0 0 0 0 0 0 633600 0 0 0 0 
0 0 652100 0 0 0 637450 0 0 0 0 0 0 0 0 0 0 0 0 0 0 0 0 0 0 0 0 0 0 0 0 0 0 0 0 0 0 0 0 0 0 0 0 0 0 0 0 0 0 0 626675 0 0 0 0 0 0 0 0 0 667525 0 0 0 0 0 0 0 0 0 0 0 0 0 0 0 0 0 0 0 0 0 0 0 0 0 0 629000 0 0 0 0 0 0 0 0 0 661250 673575 0 0 0 0 0 0 0 0 0 0 653875 0 0 0 0 0 0 0 0 612850 612775 0 
0 0 0 0 0 0 624600 643300 0 0 0 0 0 0 0 0 0 0 0 0 0 0 0 0 0 0 0 0 0 0 0 0 0 0 0 0 0 0 0 0 610375 0 0 0 0 0 0 0 0 0 0 0 0 0 0 0 0 0 0 0 622700 0 0 0 0 0 0 0 0 0 0 0 0 0 0 0 0 0 0 0 0 0 0 0 0 0 0 0 0 0 0 0 0 0 0 0 0 0 0 0 0 0 0 0 0 0 0 0 0 0 0 0 0 0 0 0 0 0 0 0 0 
0 0 601000 0 0 0 0 0 650525 0 0 0 0 600725 0 0 0 0 0 0 0 0 0 0 0 0 0 0 0 0 0 0 0 0 0 625725 0 0 0 0 0 0 0 0 0 0 0 0 0 0 0 0 0 0 0 0 0 0 0 0 615875 0 0 0 0 0 0 0 0 0 0 0 0 0 0 0 0 0 0 0 0 0 0 0 0 0 0 0 0 0 0 0 0 0 0 0 0 0 0 0 0 0 0 0 0 0 0 0 0 0 0 0 0 0 0 0 0 0 0 0 0 
0 0 0 0 0 0 0 671325 0 630600 0 0 0 0 0 0 0 0 0 0 0 0 0 0 0 0 0 0 0 0 0 0 0 0 0 0 0 0 0 0 0 0 0 0 0 0 0 0 0 0 0 0 0 0 0 0 0 0 0 0 627625 0 0 0 0 0 0 0 0 0 0 0 0 0 0 0 0 0 0 0 0 0 0 0 0 0 0 0 0 0 0 0 0 0 0 0 0 0 0 0 0 0 0 0 0 0 0 0 0 0 0 0 0 0 0 0 0 0 0 0 0 
0 0 0 622025 0 0 0 0 0 0 628475 0 0 626075 0 0 0 0 0 0 0 0 0 0 0 0 0 0 0 0 0 0 0 0 0 0 0 0 0 0 0 0 0 0 0 0 0 0 0 0 0 0 0 0 0 0 0 0 0 0 634325 0 0 0 0 0 0 0 0 0 0 0 0 0 0 0 0 0 0 0 0 0 0 0 0 0 0 0 0 0 0 0 0 0 0 0 0 0 0 0 0 0 0 0 0 0 0 0 0 0 0 0 0 0 0 0 0 0 0 0 0 
0 0 0 0 0 0 0 0 0 0 0 617125 0 0 0 0 0 0 0 0 0 0 0 0 0 0 0 652650 0 0 0 616425 0 0 0 0 0 0 0 0 0 0 0 0 0 0 0 0 0 0 0 0 0 0 0 0 0 0 0 0 630025 0 0 655125 0 0 0 0 0 0 0 0 0 658625 0 0 0 0 0 0 0 0 654625 0 0 0 0 0 0 0 0 0 0 621900 670525 0 0 0 0 0 0 0 0 0 0 0 0 0 0 0 0 0 0 0 0 0 0 0 0 0 0 
0 0 0 0 0 0 0 0 0 0 0 0 613925 0 0 660900 649800 0 0 0 0 0 0 0 0 0 0 0 0 0 0 0 0 0 0 0 0 672900 0 0 0 0 671250 0 0 0 0 0 0 0 0 633150 0 663225 0 0 0 0 0 0 643600 0 0 640750 0 0 0 0 0 0 0 0 0 0 0 0 0 0 0 0 0 0 0 0 0 0 0 0 0 0 0 0 0 0 626350 0 0 0 0 0 0 0 0 0 0 0 0 0 0 0 0 0 0 0 0 0 0 0 0 0 0 
0 0 0 0 0 0 0 0 0 0 0 0 0 636875 0 0 0 0 0 0 0 623675 0 0 0 0 0 0 0 0 0 657750 0 0 0 0 0 0 0 0 0 0 0 0 0 0 0 0 0 0 0 0 0 635775 0 0 0 0 0 0 626750 0 0 0 0 0 0 0 616450 0 0 0 0 0 0 0 0 0 0 0 637800 0 0 0 0 0 0 0 0 0 0 0 0 0 0 0 0 0 0 0 0 0 634350 0 652425 0 0 0 0 0 0 0 0 0 0 0 0 0 0 0 0 
0 0 0 0 0 0 0 0 0 0 0 0 0 0 630075 0 0 0 0 0 0 626825 0 0 0 0 0 0 0 0 0 0 621900 0 0 618650 0 0 0 0 0 0 0 652725 0 0 0 0 0 0 0 0 0 0 656950 0 0 641675 0 0 608775 0 0 0 0 639550 0 0 642875 0 0 0 0 0 0 640350 0 0 0 0 0 0 0 0 0 665675 0 0 0 0 0 0 0 0 0 0 0 0 0 0 0 0 0 0 0 0 0 0 0 0 0 0 0 0 0 686300 0 0 0 0 0 
0 0 0 0 0 0 0 0 0 0 0 0 0 0 653750 631075 0 0 0 0 0 0 0 0 0 0 0 0 0 0 0 0 0 0 0 0 0 0 0 0 0 0 0 0 0 0 0 0 0 0 0 0 0 0 0 0 0 0 0 0 656575 0 0 0 0 649325 0 0 0 0 0 0 0 0 0 0 0 0 0 0 0 0 0 0 0 0 0 0 0 0 0 0 0 0 0 0 0 631350 0 0 0 0 0 0 0 0 658275 621550 0 0 0 0 0 0 0 0 650950 665600 603850 0 0 
0 603025 0 0 0 0 0 0 0 0 0 0 0 604750 0 659350 622150 0 0 0 0 0 0 0 0 0 0 0 0 0 0 0 0 0 0 0 0 0 0 0 0 0 0 0 0 0 0 0 0 0 0 0 0 0 0 0 0 0 0 0 651275 0 0 0 0 0 0 0 0 0 0 0 0 0 0 0 0 0 0 0 0 0 0 0 0 0 0 653700 0 0 0 0 0 0 0 0 0 629400 653375 0 0 0 0 0 0 0 0 626700 0 641575 0 0 0 0 0 0 0 0 629900 640050 0 
0 0 0 0 0 0 0 0 0 0 0 0 0 0 0 0 0 633475 0 0 0 0 0 0 0 0 0 0 652100 0 0 0 0 0 0 0 0 0 0 0 0 0 0 0 0 0 0 0 0 0 0 0 0 0 0 0 0 0 0 0 664875 0 0 0 0 0 0 0 0 0 0 0 0 0 0 0 0 0 0 0 0 0 0 0 0 0 0 0 0 0 0 0 0 0 0 0 0 0 0 0 0 0 0 0 0 0 0 0 0 0 0 0 0 0 0 0 0 0 0 0 675550 
0 0 0 0 0 0 0 0 0 0 0 0 635175 0 0 0 0 0 650800 0 0 0 0 0 0 0 0 0 0 0 0 0 0 0 0 0 0 0 0 0 0 0 0 0 0 0 0 0 0 0 0 0 0 0 0 0 0 0 0 0 651700 0 0 0 0 0 0 0 0 0 0 0 0 0 0 0 0 0 0 0 0 0 0 0 0 0 0 0 0 0 0 0 0 0 0 0 0 0 0 0 0 0 0 0 0 0 0 0 0 0 0 0 0 0 0 0 0 0 0 0 0 
0 0 0 0 0 0 0 0 0 0 0 0 0 0 0 0 0 0 0 637475 0 0 0 0 0 0 0 0 0 0 692725 0 0 0 0 0 0 0 0 627200 0 0 0 0 0 0 0 0 0 0 0 0 0 0 0 0 0 0 0 0 603750 0 0 0 0 0 0 0 0 0 0 0 0 0 0 0 0 0 0 0 0 0 0 0 0 0 0 0 0 0 0 0 0 0 0 0 0 0 0 0 0 0 0 0 0 0 0 0 0 0 0 0 0 0 0 0 0 0 0 0 0 
0 0 0 0 0 0 0 0 0 0 0 0 0 0 0 0 0 0 0 0 604175 0 0 0 0 0 0 0 0 0 0 0 0 0 0 0 0 0 0 0 0 0 0 0 0 0 0 0 0 0 0 0 0 0 0 0 650350 658900 0 0 632875 0 0 0 0 0 0 0 0 0 0 0 0 0 0 0 0 0 0 0 0 0 0 0 0 0 0 0 0 0 0 0 0 0 0 0 0 0 0 0 0 0 0 0 0 0 0 0 0 0 0 0 0 0 0 0 0 0 0 0 0 
0 0 0 0 0 0 0 0 0 0 0 0 0 0 0 0 0 0 0 648500 0 621100 0 0 0 0 0 0 0 0 0 0 0 0 0 0 0 0 0 0 0 0 0 0 0 0 0 0 0 0 0 0 640900 0 0 0 0 0 0 0 650600 0 0 0 0 0 0 0 0 0 0 0 0 0 0 0 0 0 0 0 0 0 0 0 0 0 0 0 0 0 0 0 0 0 0 0 0 0 0 0 0 0 0 0 0 0 0 0 0 0 0 0 0 0 0 0 0 0 0 0 0 
0 0 0 0 0 0 0 0 0 0 0 0 0 0 0 0 0 0 0 0 0 0 629200 0 0 0 0 0 0 0 0 0 0 0 0 0 0 0 0 0 0 0 0 0 0 0 0 0 0 0 0 0 0 0 0 0 0 0 0 0 630000 0 0 0 0 0 0 0 0 0 0 0 0 634325 0 0 0 0 0 0 0 0 0 0 0 0 0 0 0 0 0 0 0 0 637825 635300 0 0 0 0 0 0 0 649950 642100 0 0 0 0 0 0 0 0 0 0 0 0 0 0 0 0 
0 0 0 0 0 0 0 0 0 0 0 0 0 0 0 0 0 0 0 0 0 0 0 641875 0 634875 641175 0 0 0 0 0 0 0 0 0 0 0 0 0 0 0 0 0 0 0 0 0 0 0 0 0 0 0 0 0 0 0 0 0 630300 0 0 0 0 0 0 0 0 0 0 0 0 0 0 0 0 0 0 0 0 0 0 0 0 606725 0 0 0 0 0 0 0 0 650275 633225 0 0 0 0 0 0 0 0 656525 0 0 0 0 0 0 0 0 0 628850 654275 0 0 0 0 0 
0 0 0 619400 0 0 0 0 0 0 0 0 0 626325 0 0 0 0 0 0 0 0 0 0 649800 0 0 0 0 0 0 0 631675 0 0 0 0 0 0 0 0 0 0 0 0 0 0 0 0 0 0 0 0 0 0 0 0 0 0 0 645225 0 0 0 616375 0 0 0 0 0 0 0 0 0 0 611675 0 0 0 0 0 0 0 0 0 0 0 0 0 0 0 0 0 0 0 0 0 0 0 0 0 0 0 0 0 0 0 0 0 0 0 0 0 0 0 0 0 0 0 0 0 
0 0 0 0 0 0 0 0 0 0 0 0 0 0 0 0 0 0 0 0 0 0 0 0 0 678900 0 0 0 0 0 0 620075 0 639250 0 0 0 0 0 0 0 0 0 0 617750 0 0 0 0 0 0 0 0 652200 0 0 0 0 0 663200 0 0 0 0 626925 0 0 0 0 0 0 0 0 0 637500 629575 0 0 0 0 0 0 0 0 0 0 0 0 0 0 0 0 0 0 0 0 626250 0 0 0 0 0 0 0 0 0 651250 0 0 0 0 0 0 0 0 0 0 0 0 0 
0 0 0 0 0 0 0 0 0 0 621975 0 0 0 0 0 0 0 0 0 0 0 0 648925 654300 0 613900 0 0 0 0 0 0 0 0 0 0 0 0 0 0 0 0 0 0 0 0 0 0 0 0 0 0 0 0 0 0 0 0 0 633325 0 0 0 0 0 0 0 0 0 0 0 0 0 0 0 0 0 0 0 0 0 0 0 0 0 0 654875 0 0 0 0 0 0 0 0 0 648100 600875 0 0 0 0 0 0 0 0 0 0 612875 0 0 0 0 0 0 0 644400 658700 629400 0 
0 0 0 0 0 0 0 0 638125 0 0 0 0 0 0 0 0 0 0 0 0 0 0 0 0 0 0 655925 0 0 0 0 661175 0 0 0 0 0 0 0 0 0 0 0 0 0 0 0 0 0 0 0 0 0 641825 0 0 0 0 0 653200 0 0 0 0 663150 0 0 0 0 0 0 0 0 0 0 648275 0 0 0 0 0 0 0 0 0 0 0 0 0 0 0 0 0 0 0 0 640225 0 0 0 0 0 0 0 0 0 651475 0 651125 0 0 0 0 0 0 0 0 0 0 0 
0 0 0 0 0 0 0 0 0 0 0 0 0 0 0 0 0 627750 0 0 0 0 0 623575 0 0 0 0 630950 0 0 0 0 0 655925 0 0 0 0 0 0 0 0 0 0 0 0 0 0 0 0 0 0 0 0 0 0 0 0 0 637975 0 0 0 0 0 0 0 0 0 0 0 0 0 0 0 0 0 0 0 0 0 0 0 0 0 0 0 0 0 0 0 0 0 0 0 0 0 0 0 0 0 0 0 0 0 0 0 0 0 0 0 0 0 0 0 0 0 0 0 0 
0 0 0 0 0 0 0 655325 0 0 0 0 0 0 0 0 0 636175 0 0 0 0 0 0 0 0 0 0 665075 650800 0 0 0 0 0 0 0 0 0 0 0 0 0 0 0 0 0 0 0 0 0 0 0 0 0 0 0 0 0 0 611625 0 0 0 0 0 0 0 0 0 0 0 0 0 0 0 0 0 0 0 0 0 0 0 0 0 0 0 0 0 0 0 0 0 0 0 0 0 0 0 0 0 0 0 0 0 0 0 0 0 0 0 0 0 0 0 0 0 0 0 0 
0 0 0 0 0 0 0 0 0 0 0 0 0 0 0 0 0 0 0 641050 0 0 0 0 675625 663750 0 0 0 0 605550 0 0 0 0 631125 0 0 0 0 0 0 0 0 0 0 0 0 0 0 0 0 0 0 0 0 0 0 0 0 622300 0 0 0 0 0 0 0 0 0 0 0 0 0 0 0 0 0 0 0 0 0 0 0 0 0 0 0 0 0 0 0 0 0 0 0 0 0 0 0 0 0 0 0 0 0 0 0 0 0 0 0 0 0 0 0 0 0 0 0 0 
0 0 0 0 0 0 0 0 0 0 0 0 0 0 0 0 0 0 0 0 0 0 0 0 0 0 632350 0 0 629375 0 613200 0 0 0 0 0 0 0 0 0 0 0 0 0 0 0 0 0 0 0 0 0 0 0 0 0 0 0 0 671600 0 0 0 0 0 0 0 0 0 0 0 0 0 0 0 0 0 0 0 0 0 0 0 0 0 0 0 0 0 0 0 0 0 0 0 0 0 0 0 0 0 0 0 0 0 0 0 0 0 0 0 0 0 649200 0 0 0 0 0 0 
0 0 0 0 0 0 0 0 0 0 0 0 0 0 0 0 0 0 0 0 0 0 0 0 0 0 0 0 0 0 0 0 620375 0 0 0 0 0 0 0 0 0 0 0 0 0 0 0 0 0 0 635075 0 0 0 0 0 0 0 0 653075 0 0 0 0 0 0 647925 634600 0 0 0 0 653400 0 0 0 0 0 0 632825 0 658175 0 0 0 0 0 0 0 0 0 0 614675 0 0 0 0 0 0 0 0 0 0 0 0 0 0 0 0 0 0 0 0 0 0 0 0 0 0 0 
0 0 0 0 0 0 0 0 0 0 0 0 0 0 0 0 0 0 0 0 0 0 0 0 0 0 0 0 0 0 0 0 0 612575 0 0 0 645175 0 0 0 0 635400 668100 0 0 0 0 0 0 0 0 0 632950 0 0 0 654275 0 0 599400 0 0 0 619850 0 0 0 0 0 0 0 0 0 0 0 0 0 0 0 0 0 0 0 0 0 0 0 0 0 0 0 0 0 0 0 0 0 0 0 0 0 0 0 0 0 0 0 0 0 0 0 0 0 0 0 0 0 0 0 0 
0 0 0 0 0 0 0 0 0 0 0 0 0 0 0 0 0 0 0 0 0 0 0 0 652800 685900 0 0 0 0 0 0 0 0 649525 644950 0 0 0 0 0 0 0 0 0 0 0 0 0 0 0 0 0 0 0 0 0 0 0 0 627850 0 0 0 0 0 0 0 0 0 0 0 0 0 645025 648550 0 0 0 0 0 0 0 0 0 653250 0 0 0 0 0 0 0 0 635325 662750 0 0 0 0 0 0 0 0 0 0 0 0 0 0 0 0 0 0 0 0 0 0 0 0 0 
0 0 616475 0 0 0 0 0 0 0 0 0 0 653400 0 0 0 0 0 0 0 0 0 0 0 0 0 0 0 0 0 0 0 0 0 649475 0 0 0 0 0 0 0 0 0 0 0 0 0 0 0 0 0 0 0 0 0 0 0 0 671125 0 0 0 0 0 0 0 0 0 0 0 0 0 0 0 0 0 0 0 0 0 0 0 0 601675 0 0 0 0 0 0 0 0 0 0 0 0 0 0 0 0 0 0 0 0 619250 643475 0 0 0 0 0 0 0 0 632800 654900 0 0 0 
0 0 0 617100 0 0 0 0 0 0 0 0 0 0 0 0 0 0 0 0 0 0 0 0 0 0 0 0 0 0 0 0 0 649450 0 0 613925 0 0 0 0 0 0 0 0 0 0 0 0 0 0 0 0 0 0 0 0 0 0 0 624800 0 0 0 0 0 0 0 0 0 0 0 0 0 0 0 609350 0 0 0 0 0 0 0 0 0 0 633225 0 0 0 0 0 0 0 0 0 640650 627500 0 0 0 0 0 0 0 0 647325 0 637325 0 0 0 0 0 0 0 0 654475 621725 0 
0 0 0 0 0 0 0 663525 0 0 0 0 0 0 0 661650 0 0 0 0 0 0 0 0 0 0 0 0 0 0 0 0 0 0 0 0 0 669275 0 0 0 0 0 636825 0 0 0 0 0 0 0 0 0 0 640775 0 0 0 0 0 637125 0 0 0 0 651275 0 0 0 0 0 0 0 0 0 0 626100 0 0 0 0 0 0 0 0 0 0 0 0 0 0 0 0 0 0 0 0 0 0 0 0 0 0 0 0 0 632100 0 0 635275 0 0 0 0 0 0 0 604525 0 629275 0 
0 0 0 0 0 0 0 0 0 0 0 0 0 0 0 0 0 0 0 0 0 642950 0 0 0 0 0 0 0 0 0 670325 0 0 0 0 0 0 650025 0 0 0 0 0 667875 0 0 0 0 0 0 0 0 625075 0 634225 0 0 0 0 640900 0 0 0 0 0 0 0 0 0 0 0 0 0 0 0 0 0 0 0 0 0 0 0 0 0 0 0 0 0 0 0 0 0 0 0 0 0 0 0 650375 0 0 0 0 0 0 0 0 0 0 0 0 0 0 0 0 0 0 0 0 
0 0 0 0 0 0 0 0 0 0 0 0 0 0 0 0 0 0 0 0 0 0 0 0 0 0 0 0 0 0 0 0 0 0 0 0 0 0 625725 642175 0 0 0 0 0 0 0 0 0 0 0 0 0 0 631750 0 0 0 0 0 623225 0 0 0 0 600775 0 0 0 0 0 0 0 0 0 0 641975 0 0 0 0 0 0 0 0 0 0 666975 0 0 0 0 0 0 0 0 0 662500 0 0 0 0 0 0 0 0 0 648975 0 0 0 0 0 0 0 0 0 0 0 641200 0 
0 0 0 0 0 0 0 0 0 0 0 0 0 0 0 0 0 0 0 0 0 0 0 0 0 0 0 0 0 0 0 0 0 650950 0 0 0 0 0 0 602525 0 0 0 635075 0 0 0 0 0 0 0 0 0 0 650775 0 0 0 0 628450 0 0 0 0 0 660925 0 0 0 0 0 0 0 0 0 0 0 0 0 0 0 0 0 0 0 0 0 0 0 0 0 0 0 0 0 0 0 0 0 0 0 0 0 0 0 0 0 0 0 0 0 0 0 0 0 0 0 0 0 0 
0 0 0 0 0 0 0 0 0 0 0 0 0 0 0 0 0 0 644050 0 0 0 0 0 0 0 0 0 0 0 0 0 0 0 0 0 0 0 0 0 0 615425 0 0 0 656075 0 0 0 0 0 0 0 0 0 0 608075 0 0 0 634650 0 0 0 0 0 0 0 0 0 0 0 0 0 0 0 0 0 0 0 0 0 0 0 0 0 0 0 0 0 0 0 0 0 0 0 0 0 0 0 0 0 0 0 0 0 0 0 0 0 0 0 0 0 0 0 0 0 0 0 0 
0 0 0 0 0 0 0 0 0 0 0 0 0 0 0 0 0 0 0 0 0 0 0 0 0 633925 647250 0 0 0 0 0 0 0 0 0 630900 0 0 0 0 0 642925 0 0 0 0 0 0 0 0 0 0 0 0 0 0 0 0 0 630375 0 0 0 0 0 0 0 0 0 0 0 0 0 0 0 0 0 0 0 651400 0 0 0 0 0 0 0 0 0 0 0 0 0 0 0 0 0 0 0 0 0 0 0 0 0 0 0 0 0 0 0 0 0 0 0 0 0 0 0 0 
0 0 0 0 0 0 0 0 0 0 0 0 0 0 0 0 0 0 0 0 0 0 0 0 0 0 0 0 0 0 0 0 0 0 0 0 0 0 0 0 0 671600 0 641875 0 0 0 0 0 0 0 0 0 0 0 0 0 0 0 0 647075 0 0 0 0 0 0 0 0 0 0 0 0 0 0 0 0 0 0 0 0 0 0 598425 0 0 0 0 0 0 0 0 0 0 0 0 0 0 0 0 0 0 0 0 0 0 0 0 0 0 0 0 0 0 0 0 0 0 0 0 0 
0 0 0 0 0 0 0 0 0 0 0 0 0 0 0 0 0 0 0 0 0 0 0 0 0 0 0 0 0 0 0 0 0 0 0 0 0 0 0 0 0 0 0 0 610400 0 0 0 0 599200 0 0 0 634550 615050 0 0 0 0 0 623925 0 0 0 640975 0 0 0 0 0 0 0 0 0 0 0 0 0 0 0 0 0 0 0 652975 0 0 0 0 0 0 0 0 0 0 0 0 0 0 0 0 0 0 0 0 0 0 0 0 0 0 0 0 0 0 0 0 0 0 0 0 
0 0 0 0 0 0 0 0 0 0 0 0 0 0 0 0 0 0 0 0 0 0 0 617500 0 0 0 0 0 0 0 0 0 0 645900 0 0 0 0 0 0 0 0 653700 0 626875 0 0 0 0 0 0 0 0 656150 0 0 0 0 0 642800 0 0 0 0 654975 0 0 0 0 0 0 0 0 0 0 629200 0 0 0 0 0 0 0 0 0 0 0 0 0 0 0 0 0 0 615525 0 0 0 0 0 0 0 0 0 0 636450 0 0 0 0 0 0 0 0 0 0 669025 0 0 0 
0 0 0 0 0 0 0 0 0 0 0 0 0 630675 0 0 0 0 0 0 0 0 623650 0 0 0 0 0 0 0 0 0 0 0 0 0 0 0 0 0 0 0 0 0 0 0 650000 0 0 0 0 0 0 0 0 0 0 0 0 0 634575 0 0 0 0 674125 0 0 0 0 0 0 0 0 0 0 617375 0 0 0 0 0 0 0 0 0 644725 662050 0 0 0 0 0 0 0 0 0 644200 621350 0 0 0 0 0 0 0 0 640875 0 638425 0 0 0 0 0 0 0 0 628775 647100 0 
0 0 0 0 0 0 0 0 0 0 0 0 0 0 0 0 0 0 0 0 0 618950 0 0 0 0 0 0 0 0 0 0 597775 0 0 0 0 0 0 0 0 0 0 641350 0 0 0 651575 0 0 0 0 0 0 0 0 0 0 0 0 586850 0 0 0 0 625700 0 0 0 0 0 0 0 0 0 0 0 0 0 0 0 0 0 0 0 0 0 0 0 0 0 0 0 0 0 0 0 0 681075 0 0 0 0 0 0 0 648950 0 0 670700 0 629975 0 0 0 0 0 0 0 645175 0 
0 0 0 0 0 0 0 0 0 0 0 0 0 0 0 0 0 0 0 0 0 0 0 0 0 0 0 0 0 0 0 0 0 0 0 0 0 0 0 0 0 0 618025 621250 0 0 0 0 648700 0 0 0 0 635300 0 0 0 0 0 0 649125 0 0 0 673900 0 0 0 0 0 0 0 0 0 0 0 0 0 0 0 0 0 0 0 0 0 0 0 0 0 0 0 0 0 0 0 0 0 0 0 0 0 0 0 0 0 0 0 0 0 0 0 0 0 0 0 0 0 0 0 0 
0 0 0 0 0 645900 0 0 0 0 0 0 0 0 0 0 0 0 0 0 0 0 0 0 0 0 0 0 0 0 0 649000 0 0 0 0 0 0 0 0 0 0 652875 0 0 0 0 0 0 633100 0 0 0 0 0 0 0 0 0 0 648600 0 0 621150 0 0 0 0 0 0 0 0 0 642075 0 0 0 0 0 0 0 0 625175 0 0 0 0 0 0 0 0 0 0 0 0 0 0 0 0 0 0 0 0 0 0 0 0 0 0 0 0 0 0 0 0 0 0 657450 0 0 0 
0 0 0 0 0 0 0 0 0 0 0 0 0 0 0 0 0 0 0 0 0 0 0 0 0 0 0 0 0 0 0 0 0 0 0 0 0 0 0 0 0 0 0 0 0 0 0 0 0 629750 637600 0 0 604625 630475 0 0 0 0 0 624800 0 0 0 630175 0 0 0 0 0 0 0 0 0 0 0 0 0 0 0 0 0 0 0 0 0 0 645400 0 0 0 0 0 0 0 0 0 0 0 0 0 0 0 0 0 0 0 0 0 0 0 0 0 0 0 0 0 0 0 0 0 
0 0 0 0 0 0 0 0 0 0 0 0 0 0 0 0 0 0 0 0 0 0 0 0 0 0 0 0 0 0 0 0 0 0 0 0 0 0 0 0 0 0 0 0 0 0 0 0 0 0 0 643650 0 0 0 0 0 0 0 0 667075 625300 0 0 0 646925 0 0 0 0 0 0 0 0 0 631050 662100 0 0 0 0 0 0 0 0 0 0 659150 0 0 0 0 0 0 0 0 0 644750 634250 0 0 0 0 0 0 0 0 0 0 0 0 0 0 0 0 0 0 0 596650 614975 651625 
0 0 0 0 0 0 0 0 0 0 0 0 0 0 0 0 0 0 0 0 0 0 0 0 0 0 0 0 0 0 0 0 0 0 0 0 0 0 0 0 0 0 0 0 0 0 631850 0 0 0 0 0 637400 0 0 0 0 0 0 0 626875 0 0 0 0 0 652950 0 652250 0 0 0 0 0 0 0 0 0 0 0 634525 0 632750 0 0 0 0 0 0 0 0 0 0 0 0 0 0 0 0 0 0 0 0 0 0 0 0 0 0 0 0 0 0 0 0 0 0 0 0 0 0 
0 0 0 0 0 0 0 0 0 0 0 0 0 0 0 0 0 0 0 0 0 0 0 0 0 0 0 0 0 0 618150 647025 0 0 0 0 0 0 0 0 0 0 0 0 0 0 0 634050 0 0 0 0 0 618775 0 0 0 0 0 0 646675 0 0 0 0 0 0 0 0 645550 0 0 0 0 0 0 0 0 0 0 0 0 0 0 0 0 0 0 0 0 0 0 0 0 0 0 0 0 0 0 0 0 0 0 0 0 0 0 0 0 0 0 0 0 0 0 0 0 0 0 0 
0 0 0 0 0 0 0 0 0 0 0 0 0 0 0 618750 636825 0 0 0 0 0 0 0 0 0 0 0 0 0 0 0 615750 0 0 0 0 652800 0 0 0 0 0 0 0 0 0 0 0 0 0 621850 0 0 657600 0 0 0 0 0 616375 0 0 0 0 0 0 0 0 0 0 627100 0 0 0 0 0 0 0 0 0 0 0 0 0 0 0 0 0 0 0 0 0 0 0 0 0 0 0 0 0 0 0 0 0 0 0 0 0 0 0 0 0 0 0 0 0 0 0 0 0 
0 0 0 0 0 0 0 0 0 0 0 0 0 0 0 0 0 0 0 0 0 0 0 0 0 0 0 0 0 0 0 0 0 0 0 0 0 0 0 0 0 0 0 0 635625 0 0 0 0 0 0 0 0 0 0 660550 0 0 0 0 651575 0 0 0 0 0 0 0 0 0 0 0 0 0 0 651000 639425 0 0 0 0 0 0 0 0 637325 0 0 0 0 0 0 0 0 0 606400 0 0 0 0 0 0 0 0 0 648325 646675 0 0 0 0 0 0 0 0 0 642050 0 0 0 0 
0 0 0 0 0 0 0 0 0 0 0 0 0 0 0 0 0 0 0 0 0 0 0 650525 0 0 0 0 0 0 0 0 0 0 0 0 0 0 0 0 0 0 0 0 0 0 0 0 0 0 0 0 0 0 0 0 603775 0 0 0 634900 0 0 0 0 663050 0 0 0 0 0 0 0 0 0 633950 639375 0 0 0 0 0 0 0 0 0 0 670625 0 0 0 0 0 0 0 0 634150 652500 608825 0 0 0 0 0 0 0 0 0 0 639025 639775 0 0 0 0 0 0 663575 644675 650075 0 
0 0 0 0 0 0 0 0 0 0 0 0 0 0 0 0 0 0 0 0 0 666975 0 0 625925 0 0 0 0 0 0 0 647975 0 0 0 0 0 0 0 0 0 0 640825 0 0 0 0 0 0 0 0 0 0 0 0 0 649350 0 0 662100 0 0 0 0 632825 0 0 0 0 0 0 0 0 0 620975 0 0 0 0 0 0 0 0 0 656250 0 0 0 0 0 0 0 0 0 0 0 0 618375 0 0 0 0 0 0 0 0 0 644875 626650 0 0 0 0 0 640950 0 0 0 600725 0 
0 0 0 0 0 0 0 0 0 0 0 0 0 0 0 0 0 0 0 0 0 0 0 0 0 0 0 0 0 0 0 624200 0 0 0 0 0 0 0 0 0 0 652550 0 0 0 0 0 0 0 0 0 0 639200 0 0 0 0 630125 0 650800 0 0 0 624600 0 0 0 0 0 0 0 0 0 0 0 0 0 0 0 0 0 0 0 0 0 0 0 0 0 0 0 0 0 0 0 0 0 0 0 0 0 0 652600 0 0 0 0 0 0 0 0 0 0 663025 0 0 0 0 0 0 
0 0 0 0 0 0 0 0 0 0 0 0 0 0 0 0 0 0 0 0 0 0 0 0 0 0 0 627350 0 0 0 669550 0 0 0 0 0 0 0 0 0 0 0 0 0 0 0 0 0 0 0 0 0 0 0 0 0 0 0 681250 640225 0 0 642750 0 0 0 0 0 0 0 0 0 643275 0 0 0 0 0 0 0 0 611425 0 0 0 0 0 676025 0 0 0 0 0 636150 0 0 0 0 0 0 0 0 0 0 0 0 0 0 0 0 0 0 0 0 0 0 0 0 0 0 
637800 638375 634850 639600 648325 636525 620850 616925 629900 658300 677675 611825 637550 626125 646425 610750 637575 648250 646650 632650 664675 654950 650950 628350 633025 635600 632875 639975 631150 629125 613250 643800 642525 624125 644675 615200 645550 660225 648575 636375 635050 637175 614850 649575 638875 654750 654825 637550 619825 655550 667925 635825 640925 642400 646100 600700 637500 636950 635875 574675 626000 626525 641750 644200 641425 640550 645775 630125 646825 667125 618000 631100 658500 621550 639575 648025 639800 624250 623325 654050 666125 624600 628400 643300 616450 641350 649300 651425 658075 633300 639875 666975 627275 610525 617275 647550 654825 616300 637650 672450 644325 616025 617525 659025 671850 615650 637750 620125 644525 627175 659025 634100 665625 615275 645975 630300 612075 636450 637475 642175 638075 
0 0 0 0 0 0 0 0 0 0 0 0 0 0 0 0 0 0 0 635325 0 0 0 0 0 0 0 0 0 0 0 0 0 0 0 0 0 0 0 0 0 0 651800 0 0 0 0 0 0 0 622550 0 0 618025 0 0 0 0 0 0 647550 640500 0 626300 0 0 0 0 0 0 0 0 0 0 0 0 0 0 0 0 0 0 0 0 0 0 0 0 0 0 0 0 0 0 631050 0 0 0 0 0 0 0 0 0 0 0 0 0 0 0 0 0 0 0 0 0 0 0 0 0 0 
0 0 0 0 0 0 0 0 0 0 0 0 0 0 0 0 0 0 0 0 662500 0 0 0 0 0 0 0 0 0 0 0 642725 0 0 0 0 676900 0 0 0 0 0 0 0 0 0 0 0 0 0 0 0 0 0 0 0 623650 0 0 639050 0 615950 0 640050 0 0 0 0 0 0 0 0 0 0 640600 0 0 0 0 0 0 0 0 0 0 0 0 0 0 0 0 0 0 0 0 0 0 0 0 0 0 0 0 0 0 0 0 0 0 0 0 0 0 0 0 0 0 0 0 0 
0 0 0 0 0 0 0 0 0 0 0 0 0 0 0 0 0 0 0 648200 0 637400 0 0 0 0 0 0 0 0 0 0 0 0 0 0 657375 0 0 0 0 0 0 0 0 0 0 0 0 0 0 0 0 0 0 0 0 0 0 0 646800 0 646750 636650 0 0 0 0 0 0 0 0 0 0 0 0 649450 0 0 0 0 0 0 0 0 0 0 639500 0 0 0 0 0 0 0 0 0 630975 626000 0 0 0 0 0 0 0 0 637500 0 674075 0 0 0 0 0 0 0 0 653075 660275 0 
0 0 0 0 0 0 0 0 0 0 0 0 0 0 0 0 0 0 0 0 649600 0 0 0 0 0 0 0 0 0 0 0 0 0 0 0 0 0 0 0 0 0 0 0 0 0 0 0 624475 0 0 0 0 0 0 0 0 0 0 0 671575 0 0 0 648375 0 0 0 0 675800 0 0 0 0 0 0 0 0 0 0 0 0 670300 0 0 0 0 0 0 0 0 0 0 0 606950 0 0 0 0 0 0 0 0 0 0 0 0 0 0 0 0 0 0 0 0 0 0 0 0 0 0 
0 0 0 0 0 0 0 0 0 0 0 0 0 0 0 0 0 0 0 0 653375 0 0 0 0 0 0 0 0 0 0 0 0 0 0 0 0 0 0 0 0 0 0 0 0 0 0 0 0 0 0 0 0 0 0 0 0 0 0 0 670450 0 0 0 0 652800 0 0 0 0 0 0 0 0 0 0 0 0 0 0 0 0 0 0 0 0 0 0 0 0 0 0 0 0 0 0 0 0 609150 0 0 0 0 0 0 0 0 0 0 0 0 0 0 0 0 0 0 0 0 0 0 
0 0 0 0 0 0 0 0 0 0 0 0 0 0 0 0 0 0 0 0 0 0 0 0 0 0 0 0 0 0 0 0 0 0 0 0 0 0 0 0 0 0 0 0 0 0 0 0 0 0 0 0 0 0 0 654525 0 0 0 0 642250 0 0 0 0 0 645050 0 0 0 0 0 0 0 0 645200 0 0 0 0 0 0 0 0 0 0 0 631875 0 0 0 0 0 0 0 0 0 641950 652100 0 0 0 0 0 0 0 656875 627900 0 0 0 0 0 0 0 0 0 630650 622725 0 0 
0 0 0 0 0 0 0 0 0 0 0 0 637250 0 0 0 0 0 0 0 0 0 0 0 0 0 0 0 0 0 0 0 0 0 0 0 0 0 0 0 0 0 0 0 0 0 0 0 0 0 0 0 0 0 0 0 0 0 0 0 641900 0 0 0 0 0 0 624600 0 0 0 0 0 0 0 0 0 0 0 0 0 0 0 0 0 0 0 0 0 0 0 0 0 0 0 0 0 0 638550 0 0 0 0 0 0 0 0 0 0 649500 0 0 0 0 0 0 0 0 629900 651700 0 
0 0 600825 0 0 0 0 0 0 0 0 0 670300 0 0 0 0 0 0 0 0 0 0 0 0 0 0 0 0 0 0 0 0 0 0 0 0 0 0 0 0 0 0 0 0 0 648975 0 0 0 0 0 0 0 0 0 0 0 0 0 638750 0 0 0 0 0 0 0 630225 0 0 0 0 0 0 0 0 0 0 0 0 0 0 0 0 0 0 625875 0 0 0 0 0 0 0 0 0 659425 637775 0 0 0 0 0 0 0 0 0 0 640175 0 0 0 0 0 0 0 0 656375 642225 0 
0 0 0 0 0 0 0 0 0 0 0 0 0 0 622800 0 0 0 0 0 0 0 0 0 0 0 0 0 0 0 0 0 0 0 0 0 0 0 0 0 0 0 0 0 0 0 0 0 0 0 0 0 0 0 0 0 0 0 0 0 603800 0 0 0 0 0 0 0 0 625900 0 0 0 0 0 624475 649525 0 0 0 0 0 0 0 0 653150 0 0 0 0 0 0 0 0 0 639175 0 0 0 640325 0 0 0 0 0 0 652950 0 0 0 0 0 0 0 0 0 657600 0 0 0 0 
0 0 0 0 0 0 0 0 0 0 0 0 0 0 0 0 0 0 0 0 0 0 0 0 0 0 0 0 0 0 0 0 0 0 0 0 0 0 0 0 0 0 0 0 0 0 0 0 0 0 0 0 0 0 0 0 0 0 0 0 629925 0 0 0 0 0 0 0 0 0 667150 0 0 0 0 0 0 0 0 0 0 0 0 0 0 605450 0 0 0 0 0 0 0 0 638400 683675 0 0 0 0 0 0 0 0 611650 0 0 0 0 0 0 0 630600 0 639675 647775 0 0 0 0 0 
0 0 0 0 0 0 0 0 0 0 0 0 0 0 0 0 0 0 0 0 0 0 0 0 0 0 0 0 0 0 0 0 0 0 0 0 0 0 0 0 0 0 0 0 0 0 0 0 0 0 0 0 0 0 0 0 0 0 0 0 615000 0 0 0 0 0 0 0 0 0 0 646450 0 638175 0 0 0 0 0 0 0 620250 0 0 0 0 0 0 0 0 0 0 0 0 636850 629075 0 0 0 0 0 0 0 629525 669525 0 0 630600 0 0 0 0 0 0 0 0 0 0 0 0 0 
0 0 0 0 0 0 0 0 0 0 0 0 0 0 0 0 0 0 0 0 0 0 0 0 0 0 0 0 0 0 0 0 0 0 0 0 0 0 0 0 0 0 0 0 0 0 0 0 0 0 0 0 0 0 0 0 0 0 0 0 604250 0 0 0 0 0 0 0 0 0 0 0 636150 0 0 620375 0 0 0 0 0 0 0 0 0 626600 0 0 0 0 0 0 0 0 631250 611500 0 0 0 0 0 0 0 0 0 0 0 0 0 0 0 0 0 0 0 0 0 0 604475 0 0 
0 0 0 0 0 0 0 0 0 607425 0 0 0 0 0 0 0 0 0 0 0 0 0 0 0 0 0 0 0 0 0 0 0 0 0 0 0 0 0 0 636650 0 0 0 0 0 0 0 0 0 0 0 0 0 0 0 0 0 0 0 622925 0 0 0 0 663850 0 0 0 0 0 0 0 646725 0 0 667275 0 0 0 0 0 0 0 0 0 0 631100 0 0 0 0 0 0 0 0 0 675025 620225 0 0 0 0 0 0 0 0 625575 0 627025 0 0 0 0 0 0 0 0 653525 635875 0 
0 0 0 0 0 0 0 0 0 0 0 0 0 0 0 0 0 0 0 0 0 0 652525 0 0 0 0 0 0 0 0 0 0 0 0 0 0 0 0 0 0 0 0 0 0 0 0 0 0 0 0 0 0 0 0 0 0 0 645775 0 678275 0 0 0 0 0 0 0 0 0 0 0 0 0 625500 0 0 0 0 0 0 0 0 0 0 0 0 0 0 0 0 0 0 0 0 0 0 0 0 0 0 0 0 0 0 0 0 0 0 0 0 0 0 0 0 0 0 0 617775 0 0 
0 0 0 0 0 0 0 0 623425 0 0 0 0 0 0 0 0 0 0 0 0 0 0 0 0 0 0 0 0 0 0 0 0 0 0 0 0 0 0 0 0 0 0 0 0 0 0 0 0 0 0 0 0 0 0 0 0 0 0 0 643650 0 0 0 0 0 0 0 0 0 610400 0 0 0 651775 662975 0 0 0 0 0 0 0 0 0 0 0 0 0 0 0 0 0 0 0 0 0 0 0 0 0 0 0 0 0 0 0 0 0 0 0 0 0 0 0 0 0 0 0 0 0 
0 0 0 0 0 0 0 0 0 0 0 0 0 0 0 0 0 0 0 0 0 682825 0 0 0 0 0 0 0 0 0 0 0 0 0 0 0 0 0 0 0 0 0 0 0 0 0 0 0 0 0 0 0 0 0 0 0 0 0 0 650225 0 0 0 0 0 0 0 0 0 0 0 642025 0 0 0 633975 0 0 0 0 0 0 0 0 0 0 0 0 0 0 0 0 0 0 0 0 0 0 625475 0 0 0 0 0 0 0 0 0 0 0 0 0 0 0 0 0 0 0 0 0 
0 0 0 0 0 0 0 0 0 0 0 0 0 0 0 0 0 0 0 0 0 0 0 0 0 0 0 0 0 0 0 0 0 634800 0 0 0 0 0 0 0 0 0 0 0 0 0 0 0 0 0 0 0 0 0 0 0 0 0 0 642550 0 0 0 0 0 629850 0 631700 0 0 0 0 0 0 0 0 634075 0 0 617325 0 640950 0 0 0 0 646575 0 0 0 0 0 0 0 0 0 0 643650 0 0 0 0 0 0 0 0 0 0 645650 0 0 0 0 0 0 0 0 648700 647800 0 
0 0 0 0 0 0 0 0 0 0 0 0 0 0 0 0 0 0 0 0 0 0 0 0 0 0 0 0 0 0 0 0 0 0 0 0 0 0 0 0 0 0 0 0 0 0 0 0 0 0 0 0 0 0 0 0 635650 639800 0 0 633300 0 0 0 0 0 0 0 0 0 0 0 0 0 0 0 0 0 626500 0 0 0 0 0 0 0 0 0 0 0 0 0 0 0 0 0 0 0 0 0 0 0 0 0 0 0 0 0 0 0 0 0 0 0 0 0 0 0 0 0 0 
0 0 0 0 0 0 0 0 0 0 0 0 0 0 0 0 0 0 0 0 0 0 0 0 0 0 0 0 0 0 0 0 0 0 0 0 0 0 0 0 0 0 0 0 0 0 0 0 0 0 0 0 0 0 0 0 0 0 0 0 627975 0 0 0 0 0 0 0 0 0 0 0 0 0 0 0 0 625050 0 655850 0 0 0 0 0 0 0 0 0 0 0 0 0 0 0 0 0 0 0 0 0 0 0 0 0 0 0 0 0 0 0 0 0 0 0 0 0 0 0 0 0 
0 0 654100 0 0 0 0 0 0 0 0 0 0 0 0 0 0 0 0 0 0 0 0 0 0 0 0 0 0 0 0 0 0 0 0 0 0 0 0 0 0 0 0 0 0 0 0 639525 0 0 0 0 0 0 0 0 0 0 0 0 633800 0 0 0 0 0 0 626875 0 626800 0 0 0 0 0 0 0 0 0 0 625950 0 0 0 0 0 0 0 0 0 0 0 0 0 0 0 0 0 655700 0 0 0 0 0 0 0 0 0 0 628625 0 0 0 0 0 0 0 0 617775 623425 0 
0 0 0 0 665625 0 0 0 0 0 0 0 0 0 0 0 0 0 0 0 0 0 0 0 0 0 0 0 0 0 0 0 0 0 0 0 0 0 0 0 0 0 0 0 0 0 0 0 0 0 0 0 0 0 0 0 0 0 0 0 660200 0 0 0 0 0 0 0 0 0 0 0 0 0 0 0 0 0 0 0 0 617000 0 0 0 657575 0 0 0 0 0 0 0 0 0 0 0 0 0 0 0 0 0 0 0 0 628075 595025 630675 0 0 0 0 0 0 0 635425 647075 0 0 0 
0 0 0 0 0 0 0 0 0 0 0 0 0 0 0 0 0 0 0 0 0 0 0 0 0 0 0 0 0 0 0 0 0 0 0 0 0 0 0 0 0 0 0 0 0 0 0 0 0 0 0 0 0 0 0 0 0 0 0 0 649575 0 0 0 0 0 0 0 0 0 0 644625 0 0 0 0 0 0 0 0 0 0 627000 0 0 634875 0 0 0 0 0 0 0 0 643625 646400 0 617200 0 0 0 0 0 0 629750 0 0 0 0 0 0 0 0 0 0 683525 642150 0 0 0 0 
0 0 0 0 0 0 0 0 0 0 0 0 0 0 0 0 0 0 0 0 0 0 0 0 0 0 0 0 0 0 0 0 0 0 0 0 0 0 0 0 0 0 0 0 0 0 0 0 0 0 0 0 0 0 0 0 0 0 0 0 654900 0 0 0 0 0 0 0 0 0 0 0 0 0 0 646825 0 0 0 0 647500 0 0 638275 0 0 0 626400 0 0 0 0 0 0 0 0 0 632525 643275 0 0 0 0 0 0 0 671200 614725 0 658525 0 0 0 656775 0 0 0 645050 658525 0 0 
0 0 0 0 0 0 0 0 0 0 0 0 0 0 0 0 0 0 0 0 0 0 0 0 0 0 0 0 0 0 0 0 0 0 0 0 0 0 0 0 0 0 0 0 0 0 0 0 0 0 0 0 0 0 0 0 0 0 0 0 650225 0 0 0 0 0 0 0 0 0 0 0 0 0 0 0 0 0 650250 0 0 0 0 0 653475 0 0 613925 0 0 0 0 0 0 0 0 0 0 0 0 0 0 0 0 0 0 0 0 0 0 0 0 0 0 0 0 0 0 0 0 0 
0 0 0 0 0 0 0 0 611625 0 0 0 0 0 0 0 0 0 0 0 0 0 0 0 0 0 0 0 0 0 0 0 0 0 0 0 0 0 0 0 0 0 0 0 0 0 0 0 0 0 0 0 0 0 0 0 0 0 0 0 621075 0 0 0 0 0 0 0 0 0 0 0 0 0 0 0 0 0 0 0 0 0 0 0 0 641250 0 0 0 0 627725 0 0 0 0 0 0 0 0 0 0 0 0 0 0 0 0 0 615975 0 0 0 0 0 0 0 0 0 0 0 0 
0 0 0 0 0 0 0 0 0 649175 0 615875 0 0 0 0 0 0 0 0 0 0 0 0 0 0 0 0 0 0 0 0 0 0 0 0 0 0 0 0 0 0 0 0 0 0 0 0 0 0 0 0 0 0 0 0 0 0 0 0 650900 0 0 0 0 0 0 0 0 0 0 0 0 0 0 0 0 0 0 0 0 0 0 0 0 0 625850 0 0 0 0 0 616375 0 0 0 0 0 0 0 0 0 0 0 0 0 0 0 0 0 0 0 0 0 0 0 0 0 0 0 0 
0 0 0 633850 0 0 0 0 0 0 0 0 0 0 0 0 0 0 0 0 0 0 0 0 0 0 0 0 0 0 0 0 0 0 0 0 0 0 0 0 0 0 0 0 0 0 0 0 0 0 0 0 0 0 0 0 0 0 0 0 646225 0 0 0 0 0 0 0 0 0 0 0 0 0 0 0 0 0 0 0 0 0 0 0 651400 0 631375 650475 0 0 0 0 0 0 0 0 0 0 0 0 0 0 0 0 0 0 0 0 0 0 0 0 0 0 0 0 0 0 0 0 0 
0 0 0 0 0 0 0 0 0 0 0 0 0 0 0 0 0 0 0 0 0 0 0 0 0 0 0 0 0 0 0 0 0 609225 0 0 0 0 0 0 0 0 0 0 664025 0 0 0 0 0 0 0 0 0 0 0 0 0 0 0 637825 0 0 0 0 0 0 0 0 637300 0 0 0 0 0 0 0 0 0 0 0 0 658050 0 0 0 0 0 652325 0 0 0 0 0 636025 0 0 0 0 0 0 0 0 0 0 0 0 0 0 0 0 0 0 0 0 0 0 0 0 0 0 
0 0 0 0 0 0 0 0 0 0 0 0 0 0 0 0 0 0 0 0 0 0 0 0 0 0 0 0 0 0 0 0 0 0 627875 0 0 0 0 0 0 0 0 0 0 623875 0 0 0 0 0 0 0 0 0 0 0 0 0 0 645025 0 0 0 0 0 0 639600 608425 0 0 0 0 0 0 0 0 0 0 0 640875 0 620000 0 0 0 0 0 0 648150 0 0 0 632175 0 0 0 0 0 0 0 0 0 0 0 0 0 0 0 0 0 0 0 0 0 0 0 0 0 0 0 
0 0 0 0 0 0 0 0 0 0 0 0 0 0 0 0 0 0 0 0 0 0 0 0 0 0 0 0 0 0 0 0 0 0 0 0 0 0 0 0 0 0 0 0 0 0 0 0 0 0 0 0 0 0 0 0 0 0 0 0 631350 0 0 0 0 0 0 0 0 0 0 0 0 0 0 0 0 0 0 0 0 0 0 0 0 0 0 0 0 616675 624175 0 0 0 0 0 0 0 0 0 0 0 0 0 0 0 0 0 0 0 0 0 0 0 0 0 0 0 0 0 0 
0 0 0 0 0 0 0 0 0 0 0 0 0 0 0 0 0 0 0 0 0 0 0 0 0 0 0 0 0 0 0 0 0 0 0 0 0 0 0 0 0 0 0 0 0 0 0 0 0 0 0 0 0 0 0 0 0 0 0 0 644050 0 0 0 0 0 0 0 0 0 0 0 0 0 0 0 0 0 0 643225 0 0 0 0 0 0 0 0 0 0 0 655850 0 0 0 0 0 0 0 0 0 0 0 0 0 0 0 0 0 0 0 0 0 0 0 0 0 0 0 0 0 
0 0 0 0 0 0 0 0 0 0 0 658375 0 0 0 0 0 0 0 0 0 0 0 0 0 0 0 0 0 0 0 0 0 0 0 0 0 0 0 0 0 0 0 0 0 0 0 644175 0 0 0 0 0 0 0 0 0 0 0 0 641425 0 0 0 0 0 0 0 0 0 0 0 0 0 0 0 0 0 0 0 0 0 0 0 0 0 0 0 0 0 0 0 635100 0 0 0 0 0 0 0 0 0 0 0 0 0 0 0 0 608400 0 0 0 0 0 0 0 0 0 643975 0 
0 0 0 628875 0 0 0 0 0 0 0 0 0 0 0 0 632875 0 0 0 0 0 0 0 0 0 635125 0 0 0 0 0 0 0 0 0 0 0 0 0 0 0 0 0 0 0 0 0 0 0 0 0 0 0 0 0 0 0 0 0 630825 0 0 0 0 0 0 0 0 0 0 0 0 0 0 0 0 0 0 0 0 0 0 0 0 0 0 0 666250 0 0 0 0 631175 0 0 0 664375 647375 0 0 0 0 0 0 0 631725 674450 0 0 0 0 0 0 0 0 624325 656775 627350 0 0 
0 0 0 0 0 0 659325 0 0 0 0 0 0 0 0 0 0 0 0 0 0 0 0 0 0 0 0 0 0 0 0 0 0 0 0 0 0 0 0 0 0 0 0 0 0 0 0 0 0 0 0 0 0 0 0 0 0 0 0 0 621325 0 0 0 0 0 0 0 0 0 0 0 0 0 0 0 0 0 0 0 0 0 0 662450 0 0 0 0 0 0 0 0 0 0 656750 0 0 667500 0 0 0 0 0 0 0 0 0 0 0 0 0 0 0 0 0 0 0 0 0 0 0 
0 0 0 0 0 0 0 630775 0 0 0 0 0 0 0 0 0 0 0 0 0 0 0 0 0 0 0 0 0 0 0 0 0 0 0 0 0 0 0 0 0 0 0 0 0 0 0 0 0 0 0 0 0 0 0 0 0 0 0 0 625350 0 0 0 0 0 0 0 0 0 0 0 0 0 0 0 0 0 0 0 0 0 0 0 0 0 0 0 625800 0 0 0 0 0 0 674525 0 0 0 0 0 0 0 0 0 0 0 0 0 0 0 0 0 624550 638450 626025 0 0 0 0 0 
0 0 0 0 0 0 0 0 0 0 0 0 0 0 0 0 0 0 0 0 0 0 0 0 0 0 0 0 0 0 0 0 0 0 0 0 0 0 0 0 0 0 0 0 0 0 0 0 0 0 0 0 0 0 0 0 0 0 0 0 657275 0 0 0 0 0 0 0 0 0 0 0 0 0 0 0 0 0 0 0 0 0 0 0 0 0 0 0 0 0 0 0 0 0 0 0 621100 0 0 0 0 0 0 0 0 0 0 0 0 0 0 0 681575 0 0 0 0 0 0 0 644875 
0 0 0 0 0 0 0 0 0 623225 0 0 649050 0 0 0 0 0 0 0 0 0 0 0 0 0 0 0 0 0 0 0 0 0 0 0 0 0 0 0 0 0 0 0 0 0 0 0 0 0 0 0 0 0 0 0 0 0 0 0 611425 0 0 0 0 0 0 0 0 0 0 0 0 0 0 0 0 0 0 0 0 0 0 0 0 0 0 0 0 0 0 0 0 640550 0 0 0 614725 0 0 0 0 0 0 0 0 0 0 0 0 0 0 0 0 0 0 0 0 0 0 0 
645600 0 0 0 0 0 0 0 0 0 0 630250 0 0 0 0 0 0 0 0 0 0 0 0 0 0 0 0 0 0 0 0 0 0 0 0 0 0 0 0 0 0 0 0 0 0 0 0 0 0 0 0 0 0 0 0 0 0 0 0 621325 0 0 0 0 0 0 0 0 0 0 0 0 0 0 0 0 0 0 0 0 0 0 0 0 0 0 0 0 0 0 0 0 0 0 0 663200 0 622975 0 0 0 0 0 0 0 0 0 0 0 0 0 0 0 0 0 0 0 0 0 0 
0 0 0 0 0 0 0 0 0 0 0 0 0 0 0 0 0 0 0 0 0 0 0 0 0 0 0 0 0 0 0 0 0 0 0 0 0 0 0 0 0 0 0 0 0 0 0 0 0 0 0 0 0 0 0 0 0 0 0 0 628825 0 0 0 0 0 0 0 0 0 0 0 0 0 0 0 0 633200 0 0 0 0 0 0 0 0 0 0 0 0 0 0 0 0 0 0 0 0 0 645875 0 0 0 0 0 0 0 0 0 0 0 0 0 0 0 0 0 0 0 0 0 
0 0 0 0 0 0 0 0 0 0 0 0 0 0 0 0 0 0 0 0 0 0 0 0 0 0 0 0 0 0 0 0 0 0 0 0 0 0 0 0 0 0 0 0 0 650350 0 0 0 0 0 0 0 0 0 0 645175 0 0 0 669400 0 0 0 0 0 0 0 0 0 0 0 0 0 0 0 0 0 0 0 0 0 0 0 0 0 0 0 0 0 0 0 0 0 0 0 0 0 0 0 636350 0 0 0 0 0 0 0 0 0 0 0 0 0 0 0 0 0 0 0 0 
0 0 0 0 0 0 0 0 0 0 0 0 0 0 0 0 0 0 0 0 0 0 0 0 0 0 0 0 0 0 0 0 0 0 0 633400 0 0 0 0 0 0 0 0 0 0 0 0 0 0 0 0 0 0 0 0 0 646500 0 0 667125 0 0 0 0 0 0 0 663400 0 0 0 0 0 0 0 0 0 0 0 0 0 0 0 0 0 0 0 0 0 0 0 0 0 0 0 0 0 0 0 0 594525 619525 606900 0 0 0 0 0 0 0 0 0 0 0 0 0 0 0 0 0 
0 0 0 0 0 0 0 0 0 0 0 0 0 0 0 0 0 0 0 0 0 0 0 0 0 0 0 0 0 0 0 0 0 0 0 0 628675 0 0 0 0 0 0 0 0 0 0 0 0 0 0 0 0 0 0 0 0 0 0 0 661375 0 0 0 0 0 0 0 0 0 0 0 0 0 0 0 0 0 0 0 648425 0 0 0 0 0 0 0 0 0 0 598650 0 0 0 0 0 0 0 0 0 0 637225 0 0 0 0 0 0 0 0 0 0 0 0 0 0 0 0 0 0 
0 0 0 0 0 0 0 0 0 0 0 0 0 0 0 0 0 0 0 0 0 0 0 0 0 0 0 0 0 0 0 0 0 0 0 0 0 0 0 0 0 0 0 0 0 0 0 0 0 0 0 0 0 0 0 0 0 0 0 613300 620800 0 0 0 0 0 0 0 0 0 0 0 0 0 0 0 0 0 0 0 0 0 0 0 0 0 0 0 0 0 0 0 0 0 0 0 0 0 0 0 0 0 621700 621550 0 0 0 0 0 0 0 0 0 644600 0 0 0 0 0 0 0 
698700 0 0 0 0 0 0 0 0 0 0 0 0 0 0 0 0 0 0 0 0 0 0 0 0 0 0 641500 0 0 0 0 0 0 0 0 0 0 0 0 0 0 0 0 0 0 0 0 0 0 0 0 0 0 0 0 0 0 0 0 643550 0 0 0 0 0 0 0 0 0 0 0 0 0 0 0 0 0 0 0 0 0 0 0 0 0 0 0 0 0 0 0 0 647025 0 0 0 0 0 0 667900 0 0 0 666950 0 0 0 0 0 0 0 0 0 0 0 0 0 0 0 0 
0 0 0 0 0 0 0 0 0 0 0 0 0 0 0 0 0 0 0 0 0 0 0 0 0 0 0 0 0 0 0 0 0 0 0 0 0 653275 0 674925 0 0 0 0 0 0 0 0 0 0 0 0 0 0 0 0 0 0 0 0 667075 0 0 0 0 0 0 0 0 0 0 0 0 0 0 0 0 0 0 0 0 0 0 0 0 0 0 0 0 0 0 0 0 0 0 0 0 0 0 647550 0 0 0 606050 607550 640050 0 0 0 0 0 0 0 0 0 0 0 0 0 0 0 
0 0 0 0 0 0 0 0 0 0 0 0 0 0 0 0 0 0 0 0 0 0 0 0 0 0 0 0 0 638500 0 0 0 0 0 0 0 0 0 0 0 0 0 0 0 0 0 0 0 0 0 648425 0 0 0 0 0 0 0 0 651500 0 0 0 0 0 0 0 0 0 0 0 0 645525 0 0 0 0 0 0 0 0 0 0 0 0 0 0 0 0 0 0 0 0 0 0 0 0 0 0 0 0 0 0 0 0 634350 0 0 618375 0 0 0 0 0 0 0 0 0 0 0 
0 0 0 0 0 0 0 0 0 0 0 0 0 0 0 0 0 0 0 0 0 0 675225 0 0 0 0 0 0 0 0 0 0 0 0 0 0 0 0 0 0 649925 0 0 0 0 0 0 0 0 0 0 0 0 0 0 0 0 0 0 602125 0 0 0 0 0 0 0 0 0 0 0 0 0 0 0 0 0 0 0 0 0 0 0 0 0 0 0 0 0 0 0 0 0 0 0 0 0 0 0 0 0 0 0 0 0 0 640275 0 0 0 662775 0 0 0 0 0 0 0 0 0 
0 0 0 0 0 0 0 0 0 0 644300 0 0 0 0 0 0 0 0 0 0 0 0 0 0 0 0 0 0 0 0 0 0 0 0 0 0 0 0 0 0 0 0 0 0 0 0 0 0 0 0 0 0 0 0 0 0 0 0 0 638200 0 0 0 0 0 0 0 0 0 0 0 0 0 0 0 0 0 0 0 0 0 0 0 0 0 0 0 0 0 0 0 0 0 0 0 0 0 0 0 0 0 0 0 0 663300 0 0 630700 0 0 0 0 0 0 0 0 0 0 0 0 
640525 0 0 0 0 0 0 0 0 0 618850 0 0 0 0 0 0 0 0 0 0 0 0 0 0 0 0 0 0 0 0 0 0 0 0 0 0 0 0 0 0 0 0 0 0 0 0 0 0 0 0 0 0 0 0 0 0 0 0 0 618450 0 0 0 0 0 0 0 0 0 0 0 0 0 0 0 0 0 0 0 0 0 0 0 0 0 0 0 0 0 0 0 0 0 0 0 0 0 0 0 0 0 0 0 0 0 0 0 651275 648925 0 0 0 0 0 0 0 0 0 0 0 
0 0 0 0 0 0 0 0 0 0 0 0 0 0 0 0 0 0 0 0 0 0 0 0 0 0 0 0 0 0 0 0 0 0 0 0 0 0 0 0 0 0 0 0 0 0 0 0 0 0 0 0 0 0 0 0 0 0 0 0 656075 0 0 0 0 0 0 0 0 0 0 0 0 0 0 0 0 0 0 0 0 0 0 0 0 0 0 0 629525 0 0 0 0 0 0 0 0 0 0 0 0 0 0 0 0 0 0 0 0 0 651675 0 0 0 0 0 0 0 0 0 0 
0 0 0 0 0 0 0 0 0 0 0 0 0 0 0 0 0 0 0 0 0 0 0 0 0 0 0 0 0 0 0 0 0 0 0 0 0 0 0 0 0 0 0 0 0 0 0 0 0 0 0 0 0 0 0 0 0 0 0 0 623625 0 0 0 0 0 0 0 0 0 0 0 0 0 0 0 0 0 0 0 0 0 0 0 0 0 0 0 0 647650 0 0 0 0 0 0 0 0 0 0 0 0 0 0 0 0 0 0 0 0 0 640275 0 0 0 0 0 0 0 0 0 
0 0 0 0 0 0 0 0 0 0 0 0 0 0 0 0 0 0 0 0 0 0 0 0 0 0 0 0 0 0 0 0 0 0 0 0 0 0 0 0 0 0 0 0 0 0 0 0 0 0 0 0 0 0 0 0 0 0 0 0 632350 0 0 0 0 0 0 0 0 0 0 0 0 0 0 0 0 0 0 0 0 0 0 0 0 0 0 0 0 0 0 0 0 0 0 0 0 0 0 0 0 0 0 0 0 0 0 0 0 0 0 0 620250 620475 646575 620125 0 0 0 0 0 
0 0 0 0 0 0 0 0 0 0 0 0 0 0 0 0 0 0 0 0 0 0 0 0 0 0 0 0 0 0 0 0 0 0 0 0 0 0 0 0 0 0 0 0 0 0 0 0 0 0 0 0 0 0 0 0 0 0 0 0 618625 0 0 0 0 0 0 0 608700 0 0 0 0 0 0 0 0 0 0 0 654225 0 0 0 0 0 0 0 0 0 0 0 0 0 0 0 0 0 0 0 0 0 664925 0 0 0 0 0 0 0 0 0 0 651400 0 0 0 0 0 0 0 
0 0 0 0 0 0 0 0 0 0 0 0 0 0 0 0 0 0 0 0 0 0 0 0 0 0 629200 0 0 0 0 0 0 0 0 0 0 0 0 0 0 0 0 0 0 0 0 0 0 0 0 0 0 0 0 0 0 0 0 0 624275 0 0 0 0 0 0 0 0 0 0 0 0 0 0 0 0 0 0 0 0 657650 0 0 0 0 0 0 0 0 0 0 0 0 0 0 0 0 0 0 0 0 0 0 0 0 0 0 0 0 0 0 625325 0 629525 0 0 0 0 0 0 
0 0 0 0 0 0 0 0 0 0 0 0 0 0 0 0 0 0 0 0 0 0 0 0 0 0 0 0 0 0 0 0 0 0 0 0 0 0 648225 0 0 0 0 0 0 0 0 0 0 0 0 0 0 0 0 0 0 0 0 0 624575 0 0 0 0 0 0 0 0 0 0 0 0 0 0 0 0 0 0 0 0 0 0 0 0 0 0 0 0 0 0 0 0 0 0 0 0 0 0 0 626300 0 0 0 0 0 0 0 0 0 0 609100 0 0 0 618750 0 0 0 0 0 
0 0 0 0 0 0 0 0 0 0 0 0 0 0 0 0 0 0 0 0 0 0 0 0 0 0 0 0 0 0 0 0 0 0 0 0 0 0 0 0 0 0 0 0 0 0 0 0 0 0 0 0 0 0 0 0 0 0 0 0 650275 639225 0 0 0 0 0 0 0 0 0 0 0 0 0 0 0 0 0 0 0 0 0 0 0 0 0 0 0 0 0 0 0 0 0 0 0 0 0 0 0 0 0 0 0 618950 0 0 0 0 0 0 0 0 0 0 653375 0 0 648200 0 
0 629275 0 0 0 0 0 0 0 0 0 0 0 0 0 0 0 0 0 0 0 0 0 0 0 0 0 0 0 0 0 0 0 0 0 0 0 0 0 0 0 0 0 0 0 0 0 0 0 0 0 0 0 0 0 0 0 0 0 0 666775 0 658175 0 0 0 0 0 0 0 0 0 0 0 0 0 0 0 0 0 0 0 0 0 0 0 0 0 0 0 0 0 0 0 0 0 0 0 0 0 0 0 0 0 0 0 0 0 0 0 616225 0 0 0 0 0 0 642025 0 0 0 
0 0 637450 0 0 0 0 0 0 0 0 0 0 0 0 0 0 0 0 0 0 0 0 0 0 0 0 0 0 0 0 0 0 0 0 0 0 0 0 0 0 0 0 0 0 0 0 0 0 0 0 0 634300 0 0 0 0 0 0 0 622100 0 0 0 0 0 0 0 0 0 0 0 0 0 642700 0 0 0 0 0 0 0 0 0 0 0 0 0 0 0 0 0 0 0 0 0 0 0 0 0 0 0 0 0 0 0 0 0 0 0 0 0 0 0 0 0 0 0 669975 0 0 
0 636575 0 0 0 0 0 0 0 0 0 0 0 0 0 0 0 0 0 0 0 0 0 0 0 0 0 0 0 0 0 0 0 0 0 0 0 0 0 0 0 0 0 0 0 0 0 0 0 0 0 0 0 0 0 0 0 0 0 0 642350 0 0 0 0 0 0 0 0 0 0 0 0 0 0 0 0 0 0 0 0 0 0 0 0 0 644275 0 0 0 0 0 0 0 0 0 0 0 0 0 0 0 0 0 0 0 0 0 0 0 627275 0 0 0 0 0 0 0 0 653375 0 
0 0 0 0 0 0 0 0 0 0 0 0 0 0 0 0 0 0 0 0 0 0 0 0 0 0 0 0 632900 0 0 0 0 0 0 0 0 0 0 0 0 0 0 0 0 0 0 0 0 0 0 0 0 0 0 0 0 0 0 0 633150 0 0 0 0 0 0 0 0 0 0 0 0 0 0 0 0 0 0 0 0 0 0 0 0 0 0 0 0 0 0 0 0 0 0 0 0 0 0 0 0 0 0 0 0 0 0 0 0 0 0 0 0 0 0 0 0 0 0 0 646225 
