99975 103800 101300 0 0 0 0 0 0 101475 98300 102300 0 0 0 0 0 0 105725 99000 103350 0 0 0 0 0 0 101725 0 0 0 0 0 0 0 0 0 0 105475 96700 0 0 0 0 0 0 0 106150 106850 0 0 0 0 0 0 0 0 0 0 0 0 0 0 103725 0 0 0 0 0 0 0 0 0 0 0 0 0 0 0 0 0 
101350 102950 107675 105500 102850 100225 0 0 0 0 0 104050 0 0 0 0 0 0 102275 104525 105050 0 0 0 0 0 0 109350 106925 0 100300 0 0 0 0 0 100050 107425 103600 105025 104950 0 0 0 0 106275 106075 101200 103725 0 0 0 0 0 0 0 0 0 98550 0 0 0 0 0 101600 0 0 0 0 0 0 0 0 0 0 0 0 0 0 0 0 
104775 98000 101775 102625 97675 0 0 0 0 102475 103025 103875 0 101425 0 0 0 0 100575 101150 106325 104200 0 0 0 0 0 103950 107525 101050 103425 0 0 0 0 0 100825 99575 0 104050 96800 0 0 0 0 0 0 0 97975 0 0 0 0 0 0 0 0 103325 0 0 0 0 0 0 0 0 0 0 0 0 0 0 0 0 0 0 0 0 0 0 0 
0 0 0 0 0 0 0 0 0 0 0 0 0 0 0 0 0 0 0 0 0 103350 0 0 0 0 0 0 0 0 106150 95700 0 0 0 0 0 0 100475 99975 99125 0 0 0 0 0 0 101750 103250 105575 0 0 0 0 0 0 0 0 0 0 0 0 0 0 0 0 0 0 0 0 0 0 0 0 0 0 0 0 0 0 0 
0 0 0 0 0 0 0 0 0 0 0 0 0 0 0 0 0 0 0 0 0 100150 0 0 0 0 0 0 0 0 0 104675 0 0 0 0 0 0 107000 100125 0 0 0 0 0 0 0 102200 98325 99325 0 0 0 0 0 0 0 0 0 0 0 0 0 0 0 0 0 0 0 0 0 0 0 0 0 0 0 0 0 0 0 
0 0 0 0 0 0 0 0 0 0 0 0 0 0 0 0 0 0 0 0 0 95200 0 0 0 0 0 0 0 0 0 100200 0 0 0 0 0 0 102150 105125 0 0 0 0 0 0 0 102000 105950 104625 0 0 0 0 0 0 0 0 0 0 0 0 0 0 0 0 0 0 0 0 0 0 0 0 0 0 0 0 0 0 0 
0 0 0 0 0 0 0 0 0 0 0 0 0 0 0 0 0 0 0 0 0 0 0 0 0 0 0 0 0 0 0 0 0 0 0 0 0 0 0 0 0 0 0 0 0 0 0 0 106125 0 0 0 0 0 0 0 0 0 0 0 0 0 0 0 0 0 0 0 0 0 0 0 0 0 0 0 0 0 0 0 0 
0 0 0 0 0 0 0 0 0 0 0 0 0 0 0 0 0 0 0 0 0 0 0 0 0 0 0 0 0 0 0 0 0 0 0 0 0 0 0 0 0 0 0 0 0 0 0 0 0 0 0 0 0 0 0 0 0 0 0 0 0 0 0 0 0 0 0 0 0 0 0 0 0 0 0 0 0 0 0 0 0 
0 0 0 0 0 0 0 0 0 0 0 0 0 0 0 0 0 0 0 0 0 0 0 0 0 0 0 0 0 0 0 0 0 0 0 0 0 0 0 0 0 0 0 0 0 0 0 0 0 0 0 0 0 0 0 0 0 0 0 0 0 0 0 0 0 0 0 0 0 0 0 0 0 0 0 0 0 0 0 0 0 
101725 104600 97050 0 0 0 0 0 0 102275 98100 102125 99025 0 100175 0 0 0 103450 102175 100625 0 0 0 0 0 0 101750 96575 0 0 105125 0 0 0 0 100875 102400 102000 104150 0 0 0 0 0 0 105225 104350 102025 100675 0 0 0 0 99800 0 0 0 0 0 0 0 0 101725 106925 0 0 0 0 0 0 0 106275 109200 104825 0 0 0 0 0 0 
0 103725 0 0 0 0 0 0 0 0 103150 102375 0 103000 0 0 0 0 0 101850 110475 101275 0 0 0 0 0 98375 0 0 105125 0 0 0 0 0 101425 99800 0 100900 101125 0 0 0 0 100850 101150 0 101625 0 0 0 0 0 0 0 0 0 0 0 0 0 0 0 0 0 0 0 0 0 0 0 0 0 0 0 0 0 0 0 0 
101625 0 103475 0 0 0 0 0 0 0 0 0 105675 0 0 0 0 0 102950 102875 101975 0 102825 0 0 0 0 100500 102600 101250 0 105750 0 0 0 0 101600 104575 0 0 0 0 0 0 0 0 0 100175 98775 101675 94775 0 0 0 0 0 0 0 0 0 0 0 0 0 0 0 0 0 0 0 0 0 0 0 0 0 0 0 0 0 0 
0 104450 99875 100675 100725 106375 0 0 0 0 0 106900 101950 0 0 0 0 0 0 0 0 103425 0 0 105725 0 0 0 0 0 0 104525 0 0 0 0 0 0 0 108500 0 0 0 0 0 0 0 0 102075 108250 0 0 0 0 0 0 0 0 0 0 0 0 0 0 0 0 0 0 0 0 0 0 0 0 0 0 0 0 0 0 0 
0 0 0 0 0 0 0 0 0 0 0 0 0 0 0 0 0 0 0 0 0 103225 0 0 0 0 0 0 0 0 0 101300 0 0 0 0 0 0 0 101850 0 0 0 0 0 0 0 0 102550 102550 0 0 0 0 0 0 0 0 0 0 0 0 0 0 0 0 0 0 0 0 0 0 0 0 0 0 0 0 0 0 0 
0 0 0 0 0 0 0 0 0 0 0 0 0 0 0 0 0 0 0 0 0 102450 0 0 0 0 0 0 0 0 0 97425 0 0 0 0 0 0 0 102850 0 0 0 0 0 0 0 0 97950 105075 0 0 0 0 0 0 0 0 0 0 0 0 0 0 0 0 0 0 0 0 0 0 0 0 0 0 0 0 0 0 0 
0 0 0 0 0 0 0 0 0 0 0 0 0 0 0 0 0 0 0 0 0 0 0 0 0 0 0 0 0 0 0 0 0 0 0 0 0 0 0 0 0 0 0 0 0 0 0 0 101950 0 0 0 0 0 0 0 0 0 0 0 0 0 0 0 0 0 0 0 0 0 0 0 0 0 0 0 0 0 0 0 0 
0 0 0 0 0 0 0 0 0 0 0 0 0 0 0 0 0 0 0 0 0 0 0 0 0 0 0 0 0 0 0 0 0 0 0 0 0 0 0 0 0 0 0 0 0 0 0 0 104750 0 0 0 0 0 0 0 0 0 0 0 0 0 0 0 0 0 0 0 0 0 0 0 0 0 0 0 0 0 0 0 0 
0 0 0 0 0 0 0 0 0 0 0 0 0 0 0 0 0 0 0 0 0 0 0 0 0 0 0 0 0 0 0 0 0 0 0 0 0 0 0 0 0 0 0 0 0 0 0 0 0 0 0 0 0 0 0 0 0 0 0 0 0 0 0 0 0 0 0 0 0 0 0 0 0 0 0 0 0 0 0 0 0 
100475 97875 103075 102175 0 104425 100800 0 0 99575 104625 103125 109950 0 0 99725 0 0 103300 102975 105725 101550 98325 103850 0 104875 0 105075 102400 0 105750 0 0 0 0 0 101550 0 0 98975 0 0 0 0 0 103800 0 0 104400 0 0 0 0 0 0 101475 0 0 0 0 0 0 0 0 0 0 97500 0 0 0 0 0 0 0 0 0 0 0 0 0 0 
0 0 0 0 0 0 0 0 0 0 0 0 102675 0 0 0 0 0 0 100550 0 99425 0 0 0 0 0 107175 0 100500 102625 0 0 0 0 0 102975 109500 103675 104175 106425 0 0 0 0 99725 100100 101500 99825 0 0 0 0 0 0 0 0 0 0 0 0 0 0 0 0 0 0 0 0 0 0 0 0 0 0 0 0 0 0 0 0 
0 0 0 0 0 0 0 0 0 0 0 0 0 0 0 0 0 0 0 102600 98925 0 0 0 0 0 0 0 97325 100100 0 0 0 0 0 0 0 103275 102375 0 0 0 0 0 0 0 102275 0 99700 0 0 0 0 0 0 0 0 0 0 0 0 0 0 0 0 0 0 0 0 0 0 0 0 0 0 0 0 0 0 0 0 
0 0 0 0 0 0 0 0 0 0 0 0 104500 101725 0 0 0 0 0 0 100825 104075 104475 101800 0 0 0 98100 0 0 108975 101650 102025 0 0 0 0 0 0 107625 0 107400 0 0 0 0 0 101400 102050 103325 0 0 0 0 0 0 0 0 0 0 0 0 0 0 0 0 0 0 0 0 0 0 0 0 0 0 0 0 0 0 0 
0 0 0 0 0 105325 104150 0 0 0 0 95150 0 0 0 0 0 0 0 0 0 104075 103900 111650 0 105650 0 0 0 105750 105625 108125 0 0 0 0 0 0 106925 104175 103100 0 0 0 0 0 0 102125 97525 103825 0 0 0 0 0 0 0 0 0 0 0 0 0 0 0 0 0 0 0 0 0 0 0 0 0 0 0 0 0 0 0 
0 0 0 0 0 0 0 0 0 0 0 0 0 0 0 0 0 0 0 0 0 98200 0 0 0 0 0 0 0 0 107600 107000 0 0 0 0 0 0 102875 106350 99250 0 0 0 0 0 0 101225 106425 105100 104550 0 0 0 0 0 0 0 0 0 0 0 0 0 0 0 0 0 0 0 0 0 0 0 0 0 0 0 0 0 0 
0 0 0 0 0 0 0 0 0 0 0 0 0 0 0 0 0 0 0 0 0 0 0 0 104950 0 101000 0 0 0 0 0 0 0 0 0 0 0 0 0 0 0 0 0 0 0 0 0 0 0 0 0 0 0 0 0 0 0 0 0 0 0 0 0 0 0 0 0 0 0 0 0 0 0 0 0 0 0 0 0 0 
0 0 0 0 0 0 0 0 0 0 0 0 0 0 0 0 0 0 0 0 0 0 0 0 0 0 0 0 0 0 0 0 0 0 0 0 0 0 0 0 0 0 0 0 0 0 0 0 101575 0 0 0 0 0 0 0 0 0 0 0 0 0 0 0 0 0 0 0 0 0 0 0 0 0 0 0 0 0 0 0 0 
0 0 0 0 0 0 0 0 0 0 0 0 0 0 0 0 0 0 0 0 0 0 0 0 0 0 107275 0 0 0 0 0 0 0 0 0 0 0 0 0 0 0 0 0 0 0 0 0 0 0 0 0 0 0 0 0 0 0 0 0 0 0 0 0 0 0 0 0 0 0 0 0 0 0 0 0 0 0 0 0 0 
99225 0 0 0 0 0 0 0 0 0 0 0 0 0 0 0 106925 0 98800 102275 103800 0 0 0 0 0 0 102875 99900 103550 0 0 108200 0 101525 102675 101325 0 103225 96600 0 105500 0 0 103375 0 0 103650 103625 0 103225 0 0 0 0 100075 102725 103600 0 101825 0 0 0 0 0 0 97750 0 104100 0 101775 0 0 0 0 0 0 0 0 0 0 
0 102400 0 0 0 0 0 0 0 0 0 0 0 0 0 0 0 0 0 106500 0 0 0 0 0 0 0 102425 103475 0 103625 0 0 0 0 0 100275 101500 0 101050 100525 0 0 0 0 103775 101425 0 104275 0 0 0 0 0 0 0 0 0 0 0 0 0 0 0 0 0 0 0 0 0 0 0 0 0 0 0 0 0 0 0 0 
0 0 0 0 0 0 0 0 0 0 0 99625 0 0 0 0 0 0 0 101650 106225 0 0 0 0 0 0 102000 100075 105275 0 106075 0 0 0 0 0 104250 0 0 0 0 0 0 0 0 0 0 98675 0 0 0 0 0 0 0 0 0 0 0 0 0 0 0 0 0 0 0 0 0 0 0 0 0 0 0 0 0 0 0 0 
0 0 0 0 0 0 0 0 0 0 0 0 0 0 0 0 0 0 0 0 0 100175 0 0 0 0 0 0 0 0 106125 102525 0 106650 0 0 0 0 0 103625 0 0 0 0 0 0 0 0 97925 102825 0 0 0 0 106700 0 0 0 0 0 0 0 0 0 0 0 0 0 0 0 0 0 0 0 0 0 0 0 0 0 0 
0 0 0 0 0 0 0 0 0 0 0 0 101725 0 0 0 0 0 0 0 0 101450 104225 0 101150 0 0 104500 105800 0 97900 107425 0 0 0 0 0 0 0 105325 99575 0 0 0 0 0 0 0 101075 102150 0 0 0 0 0 0 0 0 0 0 0 0 0 0 0 0 0 0 0 0 0 0 0 0 0 0 0 0 0 0 0 
0 0 0 109650 0 0 0 0 0 0 0 0 0 0 0 0 105475 0 0 0 0 107200 0 0 0 0 0 0 0 0 101025 101625 101375 0 105500 103675 0 0 0 102950 101025 0 0 0 101825 0 0 0 101950 103000 0 0 0 0 0 0 0 0 0 0 0 0 0 0 0 0 0 0 0 0 0 0 0 0 0 0 0 0 0 0 0 
0 0 0 0 0 0 0 0 0 0 0 0 0 0 0 0 0 0 0 0 0 0 0 0 0 0 0 0 0 0 0 0 0 106800 0 0 0 0 0 0 0 0 0 0 0 0 0 0 0 0 0 0 0 0 0 0 0 0 0 0 0 0 0 0 0 0 0 0 0 0 0 0 0 0 0 0 0 0 0 0 0 
0 0 0 0 0 0 0 0 0 0 0 0 0 0 0 0 0 0 0 0 0 0 0 0 0 0 0 0 0 0 0 0 0 0 0 0 0 0 101800 98750 0 0 0 0 0 0 0 103750 99250 0 0 0 0 0 0 0 0 0 0 0 0 0 0 0 0 0 0 0 0 0 0 0 0 0 0 0 0 0 0 0 0 
0 0 0 0 0 0 0 0 0 0 0 0 0 0 0 0 0 0 0 0 0 0 0 0 0 0 0 0 0 0 0 0 0 0 0 0 0 0 0 0 0 0 0 0 0 0 0 0 102325 0 0 0 0 0 0 0 0 0 0 0 0 0 0 0 0 0 0 0 0 0 0 0 0 0 0 0 0 0 0 0 0 
0 0 103475 0 0 0 0 0 0 107175 98000 0 0 0 0 0 0 0 101275 0 104825 0 0 0 0 0 0 0 107200 103225 109975 0 0 0 0 0 103900 101950 103300 101400 104550 0 0 0 0 103000 102150 103150 98250 0 0 0 0 0 102600 99400 0 0 0 0 0 0 0 102450 0 0 0 0 0 0 0 0 0 0 0 0 0 0 0 0 0 
0 0 0 0 0 0 0 0 0 0 0 0 0 0 0 0 0 0 0 103000 0 0 0 0 0 0 0 104600 99675 0 0 0 0 0 0 0 107100 101825 0 0 106450 99650 0 0 0 101550 100525 107275 103650 105500 0 0 0 0 0 0 104975 0 0 0 0 0 0 0 96625 0 0 0 0 0 0 0 0 0 0 0 0 0 0 0 0 
0 0 104375 0 0 0 0 0 0 0 0 0 0 0 0 0 0 0 0 101900 97875 0 0 0 0 0 0 0 101750 103475 0 0 0 0 0 0 0 102850 0 107375 0 0 102275 0 0 0 0 0 101725 0 0 103950 0 0 0 0 0 0 0 0 0 0 0 0 98800 0 100825 0 0 0 0 0 101100 0 0 107350 102825 0 0 0 0 
101375 0 0 0 0 0 0 0 0 0 0 0 0 0 0 0 0 0 104875 108925 101000 103775 97275 0 0 0 0 101725 107400 0 100075 104575 101725 0 0 0 104100 0 102325 100675 102875 101950 0 103250 0 0 0 0 98750 100875 103675 0 0 0 0 100625 101025 98550 99700 100475 0 0 0 0 0 98350 97600 101050 0 0 0 0 0 0 0 0 0 0 0 0 0 
0 0 0 0 0 0 0 0 0 0 0 0 0 104750 0 0 0 0 0 0 0 96250 0 0 0 0 0 0 0 0 103300 105250 0 0 0 0 0 0 0 102625 103100 103975 0 0 0 0 0 0 99275 101800 0 0 0 0 0 0 0 0 105900 0 0 0 0 0 0 0 0 104325 0 0 0 0 0 0 0 0 0 0 0 0 0 
0 0 0 0 0 0 0 0 0 0 0 0 0 0 0 0 0 0 0 0 0 103625 0 0 0 0 0 0 0 0 0 98325 0 0 0 0 0 0 0 98575 0 96725 101325 0 0 0 0 0 105975 101050 0 104550 0 0 0 0 0 0 0 99850 102775 0 0 0 0 0 0 0 101350 109225 0 0 0 0 0 0 0 103575 0 0 0 
0 0 0 0 0 0 0 0 0 0 0 0 0 0 0 0 0 0 0 0 0 0 0 0 0 0 0 0 0 0 0 0 0 0 0 0 0 0 0 0 0 0 0 0 0 0 0 0 97800 0 0 0 0 0 0 0 0 0 0 0 0 0 0 0 0 0 0 0 0 0 0 0 0 0 0 0 0 0 0 0 0 
0 0 0 0 0 0 0 0 0 0 0 0 0 0 0 0 0 0 0 0 0 0 0 0 0 0 0 0 0 0 0 0 0 0 0 0 0 0 100000 98900 0 0 0 0 0 0 0 104025 98975 0 0 0 0 0 0 0 0 0 0 0 0 0 0 0 0 0 0 0 0 0 0 0 0 0 0 0 0 0 0 0 0 
0 0 0 0 0 0 0 0 0 0 0 0 0 0 0 0 0 0 0 0 0 0 0 0 0 0 0 0 0 0 0 0 0 0 0 0 0 0 0 0 0 0 0 0 0 0 0 0 100000 0 0 0 0 0 0 0 0 0 0 0 0 0 0 0 0 0 0 0 0 0 0 0 0 0 0 0 0 0 0 0 0 
0 102375 0 0 0 0 0 0 0 0 0 100700 0 0 0 0 0 0 0 102725 0 0 0 0 0 0 0 102500 0 0 0 0 0 0 0 0 104925 104250 0 103825 0 98550 0 0 0 101300 96225 0 104025 0 0 0 0 0 0 0 0 0 0 0 0 0 0 0 0 0 0 0 0 0 0 0 105750 0 0 0 0 0 0 0 0 
0 0 0 0 0 0 0 0 0 0 0 0 0 0 0 0 0 0 101875 100050 99425 0 0 0 0 0 0 104500 102250 103125 0 0 0 0 0 0 0 99250 0 0 0 0 0 0 0 0 0 0 102275 0 0 0 0 0 0 100800 0 0 0 0 0 0 0 0 0 0 0 0 0 0 0 0 0 0 0 0 0 0 0 0 0 
99000 0 105925 0 0 0 0 0 0 0 0 0 0 0 0 0 0 0 105725 101375 99650 105050 0 0 0 0 0 106150 100050 99825 102125 103850 0 0 0 0 99000 0 98875 100150 104400 104675 0 102725 0 0 99375 109675 101950 101375 103950 0 104150 0 98425 0 0 0 99750 102750 0 107125 0 0 0 101225 99675 0 103475 0 0 0 0 0 0 0 0 0 103550 0 0 
0 0 0 0 0 0 0 0 0 0 0 0 108125 0 0 0 0 0 0 0 99200 101700 101850 0 0 0 0 0 0 0 0 101500 97975 0 0 0 0 0 102975 101600 107150 0 0 0 0 0 0 98250 104900 106175 104000 0 0 0 0 0 0 0 0 0 0 0 0 0 0 0 0 0 0 0 0 0 0 0 0 0 0 0 0 0 0 
0 0 0 0 0 0 0 0 0 0 0 0 0 0 106975 0 0 0 0 0 0 100475 0 0 0 0 0 0 0 0 0 104600 0 0 0 0 0 103850 105800 102325 0 0 0 0 0 0 95775 101850 104225 99800 0 0 0 0 101450 0 0 0 0 0 0 0 0 0 0 0 0 0 0 0 0 0 0 0 101375 0 0 0 0 0 0 
0 0 0 0 0 0 0 0 0 0 0 0 0 0 0 0 0 0 0 0 0 0 0 0 0 0 0 0 0 0 102800 99300 0 0 0 0 0 0 0 103950 96900 0 0 0 0 0 0 0 104400 0 0 0 0 0 0 0 0 0 106350 0 0 0 0 0 0 0 0 0 0 0 0 0 0 0 0 0 0 0 0 0 0 
0 0 0 0 0 0 0 0 0 0 0 0 0 0 0 0 0 0 0 0 0 0 0 0 0 0 0 0 0 0 0 0 0 0 0 0 0 0 0 0 0 0 0 0 0 0 0 0 101775 0 0 0 0 0 0 0 0 0 0 0 0 0 0 0 0 0 0 0 0 0 0 0 0 0 0 0 0 0 0 0 0 
0 0 0 0 0 0 0 0 0 0 0 0 0 0 0 0 0 0 0 0 0 0 0 0 0 0 0 0 0 0 98450 0 0 0 0 0 0 0 0 102800 101200 0 0 0 0 0 0 0 0 0 0 0 0 0 0 0 0 0 0 0 0 0 0 0 0 0 0 0 0 0 0 0 0 0 0 0 0 0 0 0 0 
0 0 0 0 0 0 0 0 0 0 0 0 0 0 0 0 0 0 0 0 0 0 0 0 0 0 0 0 0 0 0 0 0 0 0 0 0 0 0 0 0 0 0 0 0 0 0 0 0 0 0 0 0 0 0 0 0 0 0 0 0 0 0 0 0 0 0 0 0 0 0 0 0 0 0 0 0 0 0 0 0 
0 0 0 0 0 0 0 0 0 106300 0 0 0 0 0 0 0 0 0 102875 0 0 0 0 0 0 0 101700 0 0 104875 0 0 0 0 0 104525 104475 0 104975 101475 0 0 0 0 103150 102450 0 102175 0 0 0 0 0 103500 0 0 0 0 0 0 0 0 100675 0 0 0 0 0 0 0 0 0 98875 0 0 0 0 0 0 0 
0 0 0 0 0 0 0 0 0 0 0 0 99850 0 0 0 0 0 0 100775 101275 0 0 0 0 0 0 0 103725 100500 0 0 0 0 0 0 0 103000 0 0 0 102350 0 0 0 0 0 100200 100350 101925 101850 0 102750 0 98325 104975 0 106300 0 0 0 102850 0 0 0 0 0 0 106025 0 0 0 0 0 102800 0 0 0 0 0 0 
0 0 0 0 0 0 0 0 0 0 0 0 0 0 0 0 0 0 0 0 0 105525 0 0 0 0 0 0 0 0 0 104000 101475 0 99900 0 100725 0 0 103375 0 0 0 0 0 0 0 0 103650 96500 102425 0 0 0 0 0 105600 103000 0 99050 0 0 0 0 0 0 0 0 0 0 0 0 0 0 0 0 0 0 0 0 0 
0 0 0 103525 0 103175 0 0 0 0 0 0 0 0 0 99150 0 0 0 0 0 98250 0 101650 0 105825 0 0 0 0 104450 104825 0 0 0 0 0 0 0 96700 103075 0 0 0 0 0 0 0 100675 103600 0 0 0 0 0 105425 0 0 0 0 0 0 0 0 0 0 98800 0 0 0 0 0 0 0 0 0 0 0 0 0 0 
0 0 0 102150 106850 0 0 0 0 0 0 0 0 101525 0 0 0 0 0 0 0 101850 0 0 0 0 0 0 0 100875 100825 98800 0 0 0 0 0 0 0 105000 0 0 0 0 0 0 0 0 103350 104575 0 0 0 0 0 0 0 103125 0 0 0 0 0 0 0 0 0 0 0 0 0 0 0 0 0 0 0 0 0 0 0 
0 0 0 0 0 0 0 0 0 0 0 0 0 0 0 0 0 0 0 0 0 0 0 0 0 0 0 0 0 0 100125 0 0 0 0 0 0 0 0 100050 102050 0 0 0 0 0 0 0 100950 0 0 0 0 0 0 0 0 0 0 0 0 0 0 0 0 0 0 0 0 0 0 0 0 0 0 0 0 0 0 0 0 
0 0 0 0 0 0 0 0 0 0 0 0 0 0 0 0 0 0 0 0 0 0 0 0 0 0 0 0 0 0 0 0 0 0 0 0 0 0 0 0 0 0 0 0 0 0 0 0 102650 0 0 0 0 0 0 0 0 0 0 0 0 0 0 0 0 0 0 0 0 0 0 0 0 0 0 0 0 0 0 0 0 
0 0 0 0 0 0 0 0 0 0 0 0 0 0 0 0 0 0 0 0 0 0 0 0 0 0 0 0 0 0 0 0 0 0 0 0 0 0 101075 101325 0 0 0 0 0 0 0 104550 105300 0 0 0 0 0 0 0 0 0 0 0 0 0 0 0 0 0 0 0 0 0 0 0 0 0 0 0 0 0 0 0 0 
0 0 0 0 0 0 0 0 0 0 0 0 0 0 0 0 0 0 0 0 0 0 0 0 0 0 0 0 0 0 0 0 0 0 0 0 0 0 0 0 0 0 0 0 0 0 0 0 0 0 0 0 0 0 0 0 0 0 0 0 0 0 0 0 0 0 0 0 0 0 0 0 0 0 0 0 0 0 0 0 0 
107225 0 104900 103400 0 0 0 0 0 0 0 0 0 0 0 0 0 0 104550 105325 103650 0 0 0 0 0 0 101375 101075 0 0 0 0 0 0 0 104300 105750 101250 100950 0 0 102025 0 0 103150 106175 102850 97750 0 0 107175 0 0 0 0 0 0 98900 98250 105750 0 0 0 102900 103025 107775 0 105500 106050 0 0 103050 100600 0 96125 104700 102325 0 0 0 
102800 0 0 0 0 0 0 0 0 0 0 0 95700 0 0 0 0 0 0 105375 99225 0 105550 99600 0 0 0 0 102875 99125 98050 0 0 0 0 0 100500 107350 100550 100150 104475 0 0 0 0 0 0 103200 104925 0 0 0 0 0 0 101650 0 0 0 0 0 0 0 0 0 0 98675 0 0 0 0 0 0 0 0 0 0 0 0 0 0 
0 0 0 0 0 0 0 0 0 0 0 0 0 0 0 0 0 0 0 0 0 100800 0 0 0 0 0 0 0 0 0 109275 0 0 0 0 0 0 0 102825 0 0 0 0 0 0 0 0 102250 101025 0 0 0 0 0 0 0 0 0 0 0 0 0 0 0 0 106500 0 0 102875 0 0 102900 0 0 102325 100300 101625 0 0 0 
0 0 0 0 0 0 0 0 0 0 0 0 0 0 0 0 0 0 0 0 0 99050 0 0 0 0 0 0 0 0 104125 101925 0 0 0 0 0 0 104375 103400 98625 0 0 0 0 0 0 100075 101825 104925 0 0 0 0 0 101050 104250 97700 97975 0 0 0 0 0 0 99025 101650 105700 0 0 0 0 0 0 0 0 0 0 0 0 0 
0 0 0 0 0 0 0 0 0 0 0 0 0 0 0 0 0 0 0 0 0 106375 0 0 0 0 0 0 0 0 0 101375 0 0 0 0 0 0 0 98050 0 0 0 0 0 0 0 0 109475 105750 0 0 0 0 0 0 0 0 0 0 0 0 0 0 0 0 0 0 0 0 0 0 0 0 0 0 0 0 0 0 0 
0 0 0 0 0 0 0 0 0 0 0 0 0 0 0 0 0 0 0 0 0 0 0 0 0 0 0 0 0 0 106000 0 0 0 0 0 0 0 98150 105125 99875 0 0 0 0 0 0 106950 107600 0 0 0 0 0 0 0 0 0 0 0 0 0 0 0 0 0 0 0 0 0 0 0 0 0 0 0 0 0 0 0 0 
0 0 0 0 0 0 0 0 0 0 0 0 0 0 0 0 0 0 0 0 0 0 0 0 0 0 0 0 0 0 0 0 0 0 0 0 0 0 0 0 0 0 0 0 0 0 0 0 96750 0 0 0 0 0 0 0 0 0 0 0 0 0 0 0 0 0 0 0 0 0 0 0 0 0 0 0 0 0 0 0 0 
0 0 0 0 0 0 0 0 0 0 0 0 0 0 0 0 0 0 0 0 0 0 0 0 0 0 0 0 0 0 0 0 0 0 0 0 0 0 0 0 0 0 0 0 0 0 0 0 105650 0 0 0 0 0 0 0 0 0 0 0 0 0 0 0 0 0 0 0 0 0 0 0 0 0 0 0 0 0 0 0 0 
0 0 0 0 0 0 0 0 0 0 0 0 0 0 0 0 0 0 0 0 0 0 0 0 0 0 0 0 0 0 0 0 0 0 0 0 0 0 0 0 0 0 0 0 0 0 0 0 0 0 0 0 0 0 0 0 0 0 0 0 0 0 0 0 0 0 0 0 0 0 0 0 0 0 0 0 0 0 0 0 0 
0 0 0 0 0 0 0 0 0 0 0 0 0 0 0 0 0 0 0 106075 0 0 0 0 0 0 0 104950 0 0 102275 98700 0 0 0 0 100625 101000 105450 103700 104225 0 0 0 0 106600 103425 107400 102125 0 102325 0 0 0 100100 0 0 0 0 0 0 0 0 0 0 103375 104350 0 99975 0 0 0 0 0 0 0 0 0 102150 0 0 
0 0 0 0 0 0 0 0 0 0 0 0 0 0 0 0 0 0 0 106000 105075 0 0 0 0 0 0 0 101450 107925 0 0 0 0 0 0 0 103525 0 0 0 0 0 0 0 0 98525 0 104200 0 0 0 0 0 0 0 0 0 0 0 0 0 0 104100 97550 0 0 0 0 0 0 0 102850 101725 105400 0 0 0 0 0 0 
0 0 0 0 0 0 0 0 0 0 0 0 0 0 0 0 0 0 0 0 0 105000 0 0 0 0 0 0 0 0 0 100375 0 0 0 106775 0 0 0 104250 0 0 0 0 98050 0 0 0 96700 105400 0 0 0 0 0 0 101100 104650 0 0 0 0 0 0 0 0 99200 0 99900 0 101150 0 0 0 0 0 0 0 0 0 0 
0 0 0 0 0 0 0 0 0 0 0 0 0 0 0 0 0 0 0 0 0 101425 0 0 0 0 0 0 0 0 99250 103700 0 0 0 0 0 0 0 99725 96925 0 0 0 0 0 0 0 104925 105375 0 0 0 0 0 0 0 0 0 0 0 0 0 0 0 0 0 0 0 0 0 0 0 0 0 0 0 0 0 0 0 
0 0 0 0 0 0 0 0 0 0 0 0 0 0 0 0 0 0 0 0 0 107150 0 0 0 0 0 0 0 0 0 98750 0 0 0 0 0 0 0 110050 0 0 0 0 0 0 0 0 98200 103925 0 0 0 0 0 0 0 0 0 0 0 0 0 0 0 0 0 0 0 0 0 0 0 0 0 0 0 0 0 0 0 
0 0 0 0 0 0 0 0 0 0 0 0 0 0 0 0 0 0 0 0 0 0 0 0 0 0 0 0 0 0 0 0 0 0 0 0 0 0 0 0 0 0 0 0 0 0 0 0 104525 0 0 0 0 0 0 0 0 0 0 0 0 0 0 0 0 0 0 0 0 0 0 0 0 0 0 0 0 0 0 0 0 
0 0 0 0 0 0 0 0 0 0 0 0 0 0 0 0 0 0 0 0 0 0 0 0 0 0 0 0 0 0 0 0 0 0 0 0 0 0 104175 105725 0 0 0 0 0 0 0 105100 96600 0 0 0 0 0 0 0 0 0 0 0 0 0 0 0 0 0 0 0 0 0 0 0 0 0 0 0 0 0 0 0 0 
0 0 0 0 0 0 0 0 0 0 0 0 0 0 0 0 0 0 0 0 0 0 0 0 0 0 0 0 0 0 0 0 0 0 0 0 0 0 0 0 0 0 0 0 0 0 0 0 0 0 0 0 0 0 0 0 0 0 0 0 0 0 0 0 0 0 0 0 0 0 0 0 0 0 0 0 0 0 0 0 0 
0 0 0 0 0 0 0 0 0 0 0 0 0 0 0 0 0 0 0 0 0 0 0 0 0 0 0 0 0 0 0 0 0 0 0 0 0 0 0 0 0 0 0 0 0 0 0 0 0 0 0 0 0 0 0 0 0 0 0 0 0 0 0 0 0 0 0 0 0 0 0 0 0 0 0 0 0 0 0 0 0 
