657925 626725 625775 653425 618000 644650 629875 651850 633800 642825 631725 643875 663850 648025 653025 611750 624050 628250 612425 626125 622400 651750 624700 651775 668150 640550 645600 622950 658000 666150 645750 641400 642450 616800 617375 657700 653125 646150 626300 605800 617425 618125 672450 661225 606950 642075 638050 645700 635225 637025 619725 644475 638950 634375 671925 627500 641350 603525 644175 619950 625400 619175 631475 647000 606200 671475 651000 627500 654575 656275 639350 659700 656225 641825 671075 659975 637025 642900 618600 652400 606400 
0 649800 0 0 0 0 0 0 0 0 623350 0 0 0 0 0 0 0 0 0 0 0 0 0 0 0 0 0 0 0 0 0 0 0 0 644825 0 0 0 0 636200 0 0 0 0 0 0 0 0 0 0 0 0 647150 0 0 0 0 0 0 0 0 0 0 0 0 0 0 0 0 0 661175 0 0 0 0 0 0 0 626300 0 
0 0 647250 0 0 0 0 0 0 0 0 0 0 0 0 0 0 0 0 0 0 0 0 0 0 0 646850 0 0 0 0 0 0 0 0 0 0 0 0 0 621500 0 0 0 0 0 0 0 0 0 0 0 0 0 0 0 0 0 0 0 0 0 0 0 0 0 0 0 615100 639625 0 0 0 0 0 0 0 626250 650825 630675 0 
0 0 0 629400 0 0 0 0 0 0 0 0 0 0 0 0 0 0 0 0 0 0 0 0 0 0 0 0 0 0 0 0 0 0 0 0 0 0 0 0 662600 0 0 0 0 0 0 0 0 0 0 0 0 0 0 0 0 0 0 0 0 0 0 0 0 0 627575 651450 0 0 0 0 0 0 0 636300 653500 0 0 0 0 
0 0 0 0 643450 0 0 0 0 0 0 0 642250 0 0 0 0 0 0 0 0 0 0 633050 0 0 0 0 0 649000 0 0 652725 0 0 0 0 0 0 0 633550 0 0 0 0 0 0 0 0 0 0 0 0 0 0 0 0 0 0 0 0 0 0 0 0 0 0 0 0 0 0 0 0 0 0 0 0 0 0 0 0 
0 0 0 0 0 650375 642275 0 0 0 0 0 0 0 0 0 0 0 0 0 0 0 0 0 0 0 0 0 0 0 0 0 0 0 0 0 0 0 0 0 645200 0 650800 0 0 0 0 0 0 0 0 641050 0 0 0 0 0 0 0 0 0 0 0 0 0 0 0 0 0 0 0 0 0 0 0 0 0 0 0 0 0 
0 0 0 0 676975 0 629325 615000 0 0 0 0 0 0 0 0 0 0 0 0 0 0 0 0 0 0 651025 0 0 0 0 0 0 0 0 0 0 0 0 0 637775 0 0 0 644150 0 0 0 651700 0 0 0 0 0 0 0 0 0 0 0 0 643225 0 0 0 0 0 0 0 0 0 0 0 0 0 0 0 0 0 0 0 
0 0 0 0 0 0 0 658100 651550 0 0 0 0 0 0 0 0 0 0 0 0 0 0 635075 0 0 639150 0 0 0 0 0 628400 0 0 615050 0 0 0 0 637350 646875 0 0 0 0 0 0 0 0 0 0 0 632275 0 0 0 0 0 0 0 0 648125 0 0 0 0 0 0 0 0 0 0 0 0 0 0 0 0 0 0 
0 0 0 0 0 0 0 0 618950 0 0 0 0 0 0 0 0 0 0 0 0 0 0 0 0 0 0 0 0 0 0 0 0 0 0 0 0 0 0 0 608925 0 0 0 605625 0 0 0 0 0 0 0 0 0 0 0 0 0 636975 642525 0 0 0 0 0 0 0 0 0 0 0 0 0 0 0 0 0 0 0 0 0 
0 0 0 0 0 0 0 0 0 638450 0 0 0 0 0 0 0 0 656975 0 0 0 0 0 0 0 0 614750 0 0 0 0 0 0 0 671125 0 0 0 0 626500 0 0 0 596375 0 0 0 0 0 0 0 610125 0 0 0 0 0 0 0 0 0 0 0 0 0 0 0 0 0 0 0 0 0 0 0 0 0 0 0 0 
0 0 0 0 0 0 0 0 0 0 631100 0 0 0 0 0 0 660775 0 604600 0 0 0 0 0 0 0 0 0 0 0 0 0 0 0 0 0 0 0 0 640725 0 0 0 0 0 0 0 0 0 0 0 0 0 0 0 0 0 0 0 0 0 0 0 0 0 0 0 0 0 0 0 0 0 0 0 0 0 0 0 0 
0 0 0 0 0 0 0 0 0 0 0 628475 0 0 0 0 0 0 0 0 0 0 0 0 0 0 0 0 0 0 0 0 0 0 0 0 0 0 0 0 637125 0 0 0 0 0 0 0 0 0 0 0 0 0 0 0 0 0 0 0 0 0 0 0 0 0 0 0 0 0 0 0 0 637275 613025 0 0 0 0 0 0 
0 0 0 0 0 0 0 0 0 0 0 0 633800 0 0 0 0 0 0 0 0 0 0 0 0 0 0 0 0 632525 0 0 0 0 0 0 0 645775 661625 0 653475 0 0 0 0 0 0 0 0 0 0 0 0 0 0 0 639200 598050 0 0 0 0 0 0 0 0 0 0 0 0 0 0 0 0 0 0 0 0 0 0 0 
0 0 0 0 0 0 0 0 0 0 0 0 629900 672775 0 0 0 0 0 0 0 653375 645650 0 0 0 0 0 0 0 0 0 0 0 0 0 0 0 0 0 646350 0 0 0 0 0 0 0 0 0 0 0 0 0 0 0 0 0 0 0 0 0 0 0 0 0 0 0 0 0 0 0 0 0 0 0 0 0 0 0 0 
0 0 0 0 0 0 649400 0 0 0 0 0 0 0 665725 0 0 0 0 0 0 0 640375 612800 0 0 0 0 0 0 0 630200 0 0 0 0 0 0 0 0 662175 0 0 0 0 0 0 0 0 0 0 0 0 0 0 0 0 0 0 0 0 0 0 0 0 0 0 0 0 0 0 0 0 0 0 0 0 0 0 0 0 
0 0 0 0 0 0 662175 0 0 0 0 0 0 0 665375 635600 637600 0 0 0 0 0 0 633325 0 634550 0 0 0 0 0 0 0 0 0 0 0 0 0 0 607600 0 0 0 0 0 0 0 0 0 0 0 0 0 0 0 0 0 0 0 0 0 0 0 0 0 0 0 0 0 0 0 0 0 0 0 0 0 0 0 0 
0 0 0 0 0 0 0 0 0 0 0 0 0 0 0 651100 611175 0 0 0 0 0 0 0 0 0 639925 0 0 0 0 0 0 0 646125 610775 0 0 0 0 657750 0 0 0 0 0 0 0 0 0 0 0 0 0 0 0 0 0 0 0 0 0 0 0 0 0 0 0 0 0 0 626200 0 0 0 0 0 0 0 0 0 
0 0 0 0 0 0 0 0 0 0 0 0 0 0 0 657025 0 634225 0 0 0 0 0 0 0 0 655675 0 0 0 0 0 0 657800 0 631900 0 0 0 0 629800 0 605950 0 0 0 0 0 0 0 0 644525 0 0 0 0 0 0 0 0 0 0 620250 0 0 0 0 0 0 654600 0 0 0 0 0 0 0 0 0 0 0 
0 0 0 0 0 0 0 0 0 0 0 0 0 0 0 0 0 0 625250 0 0 0 0 0 0 655800 0 631975 0 0 0 0 0 0 631625 0 0 0 0 0 630000 0 0 639250 0 615800 0 0 0 0 0 0 0 0 0 0 0 0 0 0 0 0 0 0 0 0 0 0 0 0 0 0 0 0 0 0 0 0 0 0 0 
0 0 0 0 0 0 0 0 0 0 0 0 0 0 0 637800 657500 0 0 636350 0 0 0 0 0 0 0 0 0 0 0 0 0 0 0 0 0 646150 0 0 612400 0 0 0 0 0 0 0 0 0 0 0 0 0 0 0 0 0 0 0 0 0 0 0 0 0 0 0 0 0 0 0 0 0 0 0 0 0 0 0 0 
0 0 0 0 0 0 0 0 0 0 0 0 0 0 0 0 0 0 0 0 661100 0 0 0 0 0 0 0 0 0 0 0 0 0 0 0 0 0 0 0 631550 0 0 0 0 0 0 0 0 0 0 0 0 0 0 0 0 0 0 0 0 0 0 638100 0 0 0 0 0 0 0 0 0 0 0 0 0 0 0 0 0 
0 0 0 0 0 0 0 0 0 0 0 0 609325 649550 0 0 0 0 0 0 0 655600 0 0 0 0 0 0 0 0 0 0 0 0 0 0 0 0 640175 0 641450 0 0 0 0 0 0 0 0 0 0 0 0 0 0 0 0 0 0 0 0 0 0 0 0 0 0 0 0 0 0 0 0 0 0 0 0 0 0 0 0 
0 0 0 0 0 0 0 0 0 0 0 639625 0 0 0 0 0 0 0 0 0 612525 621275 0 0 0 0 0 0 0 0 0 0 0 0 0 0 0 0 0 624825 0 0 0 0 0 0 0 635975 0 0 0 0 0 0 0 0 0 0 0 0 0 0 0 0 0 0 0 0 0 0 0 0 0 0 0 0 0 0 0 0 
0 0 0 0 0 623500 0 0 0 0 0 0 0 0 0 0 0 0 0 0 0 0 0 641825 0 0 0 0 0 0 0 663900 0 0 0 0 0 0 0 0 637400 0 0 0 0 0 0 0 0 643700 0 0 0 0 0 0 0 0 0 0 0 0 0 0 0 0 0 0 0 0 0 0 0 0 0 0 0 0 0 0 0 
0 0 0 0 0 0 0 0 0 0 0 0 0 0 0 0 0 0 0 0 0 0 0 0 690575 0 0 0 0 0 0 0 0 0 0 0 0 0 0 0 638050 0 0 0 0 0 0 0 0 0 0 0 0 0 0 0 0 0 0 0 0 0 0 0 628650 0 0 0 0 0 0 0 660275 625675 0 0 0 0 0 0 0 
0 0 0 0 0 0 0 0 0 0 0 0 0 0 0 0 663875 0 0 0 0 0 0 0 0 647075 0 0 0 0 0 0 0 0 0 0 0 0 0 0 656875 0 0 0 0 0 0 0 0 0 0 0 0 0 0 0 0 0 0 0 0 0 0 0 0 0 0 650925 0 0 0 0 0 0 644475 0 654475 649200 643350 0 0 
0 0 0 0 0 0 0 0 0 0 0 0 0 0 0 0 0 660800 0 0 0 0 0 623600 0 0 639425 0 0 0 0 0 0 0 0 663125 0 0 0 0 609200 0 0 640675 620050 0 0 0 0 0 0 0 638275 0 0 0 0 0 0 0 0 621025 632125 0 0 0 0 0 0 0 0 0 0 0 0 0 0 0 0 0 0 
0 0 0 0 0 0 0 0 0 0 0 0 0 0 0 0 0 0 0 0 0 0 0 0 0 0 0 628775 635125 0 0 0 609900 653850 0 0 0 0 0 0 625475 0 0 0 0 0 0 0 0 0 0 0 0 0 0 0 0 0 0 0 0 0 0 0 0 0 0 0 0 0 0 0 0 0 0 0 0 0 0 0 0 
0 0 0 0 0 0 0 0 0 0 0 0 0 0 648100 0 0 0 0 0 0 0 629275 0 0 0 0 0 650350 0 0 667625 0 0 0 0 0 623150 0 0 636950 0 0 0 0 0 649700 0 0 0 0 0 0 0 0 0 0 0 0 0 0 0 0 0 0 0 0 0 0 0 0 0 0 0 0 0 0 0 0 0 0 
0 0 0 0 0 0 0 0 0 0 0 0 608750 0 0 0 0 0 0 0 0 0 0 0 0 0 0 0 0 627150 0 0 0 0 0 0 0 0 0 0 659825 0 0 0 0 0 0 647025 0 0 0 0 0 0 0 0 631500 0 0 0 0 0 0 0 0 0 0 0 0 0 0 0 0 0 0 0 0 0 0 0 0 
0 0 0 0 0 0 0 0 0 0 0 0 0 0 0 0 0 0 0 0 0 0 0 0 0 0 0 632875 622025 0 633125 634050 0 0 0 0 0 0 0 0 662850 0 0 0 0 0 0 0 0 0 0 0 0 0 0 0 0 0 0 0 0 0 0 0 0 0 0 0 0 0 0 0 0 0 0 0 0 0 0 0 0 
0 643525 0 0 650250 0 0 0 0 0 662025 0 0 0 0 0 0 0 0 0 0 0 0 655750 0 0 0 0 0 0 0 643200 644800 0 0 0 0 0 0 0 647650 0 0 0 0 0 0 0 0 0 0 0 0 0 0 0 0 0 0 0 0 0 0 0 0 0 0 0 0 0 0 0 0 0 0 0 0 0 0 0 0 
0 0 0 0 0 0 0 0 0 0 0 0 0 0 0 0 0 0 0 0 0 0 0 0 0 0 0 0 0 652525 0 0 651625 656600 0 0 647850 0 0 0 656850 0 0 0 0 0 0 0 0 0 0 0 0 0 0 0 0 0 0 0 0 0 0 0 0 0 0 0 0 0 0 0 0 0 0 0 0 0 0 0 0 
0 0 0 0 0 0 0 0 0 0 0 0 0 0 0 0 0 0 0 0 0 0 0 0 0 0 0 0 0 0 630175 0 0 623575 0 0 0 0 0 0 646025 0 0 0 0 0 646300 0 0 0 0 0 0 0 0 0 0 0 0 625000 0 0 0 0 0 0 0 0 618950 0 0 0 0 0 0 0 0 654675 0 0 0 
0 0 0 0 0 0 0 0 0 0 0 0 0 0 0 0 0 0 0 0 0 0 0 0 0 0 0 0 0 0 0 0 0 0 630050 647375 0 0 0 0 634625 0 0 638000 0 0 0 0 0 650350 0 0 0 0 0 0 0 0 639650 0 657525 623950 0 0 0 0 0 0 0 0 0 0 0 0 0 0 0 0 0 0 0 
0 0 0 0 0 0 0 0 0 0 0 0 0 0 0 0 647800 0 0 0 0 0 0 0 0 0 636575 0 0 0 0 0 0 0 650850 629900 0 0 0 0 654300 0 639225 0 0 0 0 0 0 0 0 645200 0 0 0 0 0 0 0 0 0 0 0 0 0 0 0 0 0 0 0 626650 0 0 0 0 0 0 0 0 0 
0 0 0 0 0 0 0 0 0 0 0 0 0 0 0 0 0 0 0 0 0 640625 642850 0 0 0 0 0 0 626825 0 0 0 0 0 0 629150 0 0 0 635475 0 0 0 0 0 0 0 659875 0 0 0 0 0 0 0 0 0 0 0 0 0 0 0 0 0 0 0 0 0 0 0 0 0 0 0 0 0 0 0 0 
0 0 0 0 0 0 0 0 0 0 0 0 0 0 0 0 0 0 0 0 0 640225 0 0 0 0 0 0 0 623700 0 0 0 0 0 0 0 607550 608275 0 616600 0 0 0 0 0 0 0 0 0 0 0 0 0 0 0 0 0 0 0 0 0 0 0 0 0 0 0 0 0 0 0 0 0 0 0 0 0 0 0 0 
0 0 651725 0 0 0 0 0 0 0 0 0 0 0 0 0 0 0 0 0 0 0 0 0 0 0 0 0 0 0 0 0 0 0 0 0 0 0 598525 668075 649150 0 0 0 0 0 0 0 0 0 0 0 0 0 0 0 0 0 0 0 0 0 0 0 0 0 0 0 0 0 0 0 0 0 0 0 0 0 0 0 0 
0 0 0 0 0 0 0 0 0 654575 0 0 0 0 0 0 0 0 613025 0 0 0 0 0 0 0 0 642025 0 0 0 0 0 0 0 0 0 0 0 631175 659900 0 0 0 0 0 0 0 0 0 0 0 0 0 0 0 0 647675 0 0 0 0 0 0 0 0 616125 0 0 0 0 0 0 0 0 0 0 0 0 0 0 
677075 630875 667825 629350 637450 646375 630550 622650 644000 648850 646300 613600 605575 621700 633775 612100 633800 632050 634200 637475 651575 624950 672375 654325 648475 643800 641500 642075 673750 652800 646850 660425 647400 668625 625975 653600 601775 640875 642600 630350 627300 663925 638800 627100 641200 652275 671675 678375 652750 620025 635575 639675 629500 631025 639100 653200 613225 629975 624900 624700 625400 644875 626425 628950 657025 628175 628325 640825 639925 616050 605025 643450 627600 644550 646675 651600 630950 664050 642775 646525 651250 
0 0 0 0 0 0 643200 0 0 0 671925 0 0 0 0 0 0 0 0 631875 0 0 0 0 0 0 0 0 0 0 0 0 0 0 0 0 0 0 0 0 644400 632775 640500 0 0 0 0 0 0 0 0 617125 0 0 0 0 0 0 0 0 0 0 0 0 0 0 0 0 0 0 0 0 0 0 0 0 0 0 0 0 0 
0 0 0 0 0 0 0 0 0 0 0 0 0 0 0 0 0 0 0 0 593725 0 0 0 0 665950 0 0 0 0 0 0 0 0 640625 0 0 0 0 0 661050 0 645000 626800 0 0 0 0 0 0 0 0 0 0 0 0 0 0 0 0 0 0 0 0 0 0 0 0 0 0 0 0 0 0 0 0 0 0 0 0 0 
0 0 0 0 0 0 0 0 0 0 0 0 0 0 0 0 0 0 0 0 0 0 0 0 0 0 0 0 0 0 653300 643850 0 0 0 0 0 0 0 0 656475 0 0 652475 641275 0 0 0 0 0 0 0 0 0 0 0 0 0 0 0 0 0 0 0 0 0 0 0 0 622175 0 615525 0 0 0 0 0 0 627900 641050 0 
0 0 0 0 0 0 0 0 0 0 0 0 0 0 0 0 0 0 0 0 0 0 0 0 0 0 0 0 0 0 0 0 0 0 0 0 660300 0 0 0 657525 666800 630750 0 665850 0 0 0 0 0 0 0 0 671925 0 0 0 0 0 0 0 0 0 0 0 0 0 0 0 0 668975 0 0 0 0 0 0 0 0 0 0 
0 0 0 0 0 0 0 0 0 0 0 0 0 0 0 0 0 0 0 0 0 0 0 0 606925 0 0 0 0 0 0 0 0 0 0 0 0 0 0 0 649025 0 0 0 0 621450 0 645350 0 0 0 0 0 0 0 0 0 0 0 0 0 0 0 0 0 0 0 0 0 0 0 0 0 0 0 0 0 0 0 0 0 
0 0 0 0 624250 0 0 0 0 0 0 0 0 0 0 0 0 0 0 0 0 0 0 0 0 0 0 0 0 0 630975 0 0 0 0 0 0 0 0 0 629150 0 0 0 0 0 666025 0 611875 0 0 0 0 0 0 0 0 0 0 0 0 0 0 0 0 0 0 0 0 0 0 0 0 0 0 0 0 0 0 0 0 
0 0 0 0 0 0 0 0 0 0 0 0 0 0 0 0 0 0 0 0 0 0 0 0 0 0 0 0 0 0 0 0 0 0 0 0 0 0 0 0 635000 0 0 0 0 619075 0 642950 0 0 0 0 0 0 0 0 670200 659675 0 0 0 0 0 0 0 0 0 0 0 0 0 0 0 0 0 0 0 0 0 0 0 
0 0 0 0 0 0 0 0 0 0 0 0 0 0 0 0 0 0 0 662550 0 0 0 0 0 0 0 0 0 0 0 0 0 0 0 0 0 676725 0 0 626300 0 0 0 0 0 0 0 615850 0 636150 0 0 0 0 0 0 0 0 0 0 0 0 0 0 0 0 0 0 0 0 0 0 0 0 0 0 0 0 0 0 
0 0 0 0 0 0 0 0 0 0 0 0 0 0 0 0 0 0 658550 0 0 0 0 0 0 0 0 646075 0 0 0 0 0 0 0 0 0 0 0 0 640825 0 0 0 0 638800 0 0 0 646075 0 0 0 0 0 0 0 0 0 0 0 0 0 0 0 0 0 645625 647575 0 0 0 0 0 0 612600 638850 0 0 0 0 
0 0 0 0 0 0 0 0 0 0 0 0 0 0 0 0 0 0 0 0 0 0 0 0 0 0 0 0 637900 0 0 0 0 0 0 0 0 620500 0 0 648825 0 0 0 0 0 608825 0 0 0 641950 661925 0 621325 0 0 0 0 0 0 0 0 0 0 0 0 0 0 0 0 0 0 0 0 0 0 0 0 0 0 0 
0 0 0 0 0 0 0 613175 0 0 0 0 0 0 0 0 0 0 0 0 0 0 0 0 0 0 621900 0 0 0 0 0 0 0 0 0 0 0 0 618750 655875 0 0 0 614000 0 0 0 0 0 0 596200 0 0 0 0 0 0 0 0 0 644825 0 0 0 0 0 0 0 0 0 0 0 0 0 0 0 0 0 0 0 
0 0 0 0 0 0 0 0 0 643225 0 0 0 0 0 0 0 0 0 0 0 0 0 0 0 0 0 0 0 0 0 0 0 0 0 636750 0 0 0 0 643125 0 0 0 628225 0 0 0 0 0 610425 0 640125 0 0 0 0 0 0 0 0 0 0 0 0 0 0 0 0 0 0 0 0 0 0 0 0 0 0 0 0 
0 0 0 0 0 0 0 0 0 0 0 0 0 0 0 0 0 0 0 0 0 0 0 0 0 0 0 0 0 0 0 0 0 0 0 0 0 0 0 0 655700 0 0 0 0 0 0 0 0 0 0 648275 640475 654675 0 0 0 0 0 0 0 0 681550 0 0 0 0 0 0 0 0 0 0 0 0 0 0 0 0 0 0 
0 0 0 0 0 0 0 0 0 0 0 0 0 0 0 0 0 0 0 0 0 0 0 0 0 0 0 0 0 0 0 0 0 0 648300 648000 0 0 0 0 613600 0 0 653650 0 0 0 0 0 0 0 0 0 0 634975 0 0 0 0 0 652275 636575 0 0 0 0 0 0 0 0 0 0 0 0 0 0 0 0 0 0 0 
0 0 0 0 0 0 0 0 0 0 0 0 0 0 0 0 0 0 0 0 0 0 0 0 0 0 0 0 0 0 0 0 0 0 0 0 0 0 0 0 609725 0 0 0 0 0 0 0 0 0 0 0 0 0 0 653550 0 0 621100 635500 0 0 0 0 0 0 0 0 0 0 0 0 0 0 0 0 0 0 0 0 0 
0 0 0 0 0 0 0 0 0 0 0 0 0 0 0 0 0 0 0 0 0 0 0 0 0 0 0 0 0 0 0 0 0 0 0 0 0 0 0 0 603375 0 0 0 0 0 0 0 0 629550 0 0 0 0 0 652475 649325 0 642250 0 0 0 0 0 0 0 0 0 0 0 0 0 0 0 0 0 0 0 0 0 0 
0 0 0 0 0 0 0 0 0 0 0 0 0 0 0 0 0 0 0 0 0 0 0 0 0 0 0 0 0 0 0 0 0 0 0 0 0 0 0 0 663050 0 0 0 0 0 0 616500 0 0 0 0 0 0 0 0 631600 662825 0 0 0 0 0 0 0 0 619450 611325 0 0 0 0 0 0 0 632150 646750 0 0 0 0 
0 0 0 659750 0 0 0 0 0 0 0 0 0 0 0 0 0 0 0 0 0 0 0 0 0 0 0 0 0 0 0 0 0 0 612975 0 0 0 0 0 644025 0 637800 0 0 0 0 0 0 0 0 654025 0 0 0 0 0 0 645325 0 0 0 0 0 0 0 0 0 0 0 0 0 0 0 0 0 0 0 0 0 0 
0 0 0 0 0 0 0 0 0 0 0 0 0 0 0 0 0 0 0 0 0 0 0 0 0 0 0 0 0 0 0 0 0 0 0 0 0 0 0 0 657875 0 0 0 0 0 0 0 0 0 0 0 0 0 606975 0 0 0 0 621600 0 0 614900 0 0 0 0 0 0 631375 0 0 0 0 0 0 0 622350 621300 651750 0 
0 0 0 0 0 0 0 0 0 0 0 0 0 0 0 0 0 0 0 0 0 0 0 0 0 0 0 0 0 0 0 0 0 0 0 0 0 0 0 0 639950 0 0 0 0 0 0 0 0 0 0 0 0 0 0 0 0 0 0 0 660500 659500 646325 0 633875 636300 0 0 0 0 0 0 0 0 0 0 0 0 0 0 0 
0 0 0 0 0 0 0 676575 650200 0 0 0 0 0 0 0 0 0 0 0 0 0 0 0 0 0 635775 0 0 0 0 0 0 0 0 624525 0 0 0 0 649825 0 0 0 0 0 0 0 0 0 0 0 0 632475 0 0 0 0 0 0 627725 645700 662150 0 0 0 0 631625 632050 628575 0 0 0 0 0 0 0 0 0 0 0 
621550 0 0 0 0 0 0 0 0 0 0 0 0 0 0 0 0 0 0 0 0 0 0 0 0 0 0 0 0 0 0 0 0 0 0 668025 0 0 0 0 652550 0 0 0 621950 0 0 0 0 0 0 0 0 0 0 0 0 0 0 0 633775 636175 653500 0 0 0 0 0 0 0 0 0 0 0 0 0 0 0 0 0 0 
0 0 0 0 0 0 0 0 0 0 0 0 0 0 0 0 0 0 0 0 0 0 0 0 0 0 0 0 0 0 0 0 0 0 0 0 617775 0 0 0 620725 0 0 0 644200 0 0 0 0 0 0 0 0 610675 0 0 0 0 0 0 0 0 0 632050 0 0 0 0 0 0 651100 0 0 0 0 0 0 0 0 0 0 
0 0 0 0 0 0 0 0 0 0 0 0 0 0 0 0 0 0 0 0 0 0 0 0 0 0 0 0 0 0 0 0 0 0 0 0 0 0 0 0 622825 0 0 0 0 0 0 0 0 0 0 0 0 0 0 0 0 0 0 0 0 0 0 0 640525 657000 0 0 0 653275 0 0 0 0 0 0 656400 636525 642725 653100 0 
0 0 0 0 0 0 0 0 0 0 0 0 0 0 0 0 0 0 0 0 0 0 0 0 0 0 0 0 0 0 0 0 0 0 0 0 0 0 0 0 632225 0 0 0 0 0 0 0 0 0 0 0 0 0 0 0 0 0 0 0 0 0 0 0 0 627925 636325 0 0 0 0 0 0 0 643450 653675 0 0 0 0 0 
0 0 0 0 0 0 0 0 0 0 0 0 0 0 0 0 0 0 0 0 0 0 0 0 0 0 0 0 0 0 0 0 0 0 0 0 0 0 0 0 654450 0 0 0 0 0 0 0 0 0 0 0 0 0 0 0 0 617925 0 0 650425 634450 0 0 0 0 675675 652275 672125 637300 0 0 0 0 0 0 0 0 0 0 0 
0 0 0 0 0 0 0 0 0 0 0 0 0 654400 0 0 0 0 0 0 0 0 664950 0 0 0 652500 0 0 0 0 0 0 0 0 0 0 0 0 0 626475 0 0 0 0 0 0 0 0 0 0 0 0 0 0 0 0 0 0 0 0 0 0 0 0 0 0 634400 657050 624275 0 0 0 0 0 0 0 638725 628600 628525 0 
0 0 0 0 0 0 0 0 0 0 0 0 0 0 0 0 0 0 0 0 0 0 0 601775 0 0 0 0 0 0 0 0 624275 0 0 654650 0 0 0 0 626700 642900 0 656225 635750 0 0 0 0 0 0 0 646425 0 0 0 0 0 0 0 0 625700 636200 0 0 0 0 0 662225 0 0 0 0 0 0 0 0 0 0 0 0 
0 0 0 0 0 0 0 0 0 0 0 0 0 0 0 0 0 0 0 0 0 0 0 0 0 0 0 0 0 0 0 0 0 619475 0 0 0 0 0 0 626575 0 644100 0 0 0 0 0 0 0 0 630600 0 0 0 0 0 0 0 0 0 0 0 0 647325 0 0 0 0 643350 0 660275 0 0 0 0 0 0 0 0 0 
0 0 0 0 0 0 0 0 0 0 0 0 0 0 0 0 0 0 0 0 0 0 0 0 0 0 0 0 0 0 0 0 0 0 0 0 0 0 0 0 651925 0 0 0 0 0 0 0 0 0 0 0 0 0 0 0 0 0 0 0 0 0 679200 0 0 0 0 644525 0 0 625825 640550 0 0 0 0 0 0 657225 631725 0 
0 0 0 0 0 0 0 0 651450 0 0 0 0 0 0 0 0 0 0 0 0 0 0 0 0 0 0 0 0 0 0 0 0 0 0 0 0 0 0 0 648075 0 0 0 612100 0 0 0 0 0 0 0 0 0 0 0 0 0 0 0 0 0 635650 0 0 0 0 0 0 0 655775 659550 0 0 0 0 0 0 0 0 0 
0 0 0 0 0 0 0 0 0 0 0 0 0 0 0 0 0 0 0 0 0 0 0 0 0 0 0 0 0 0 0 0 0 0 0 0 0 0 0 0 605925 0 0 0 627250 0 0 0 0 0 0 0 0 0 0 0 0 0 0 0 0 0 0 0 652675 0 0 0 0 0 0 0 625025 602975 0 0 0 0 0 0 640825 
0 0 0 0 0 0 0 0 0 0 0 0 0 0 0 0 0 0 0 0 0 0 0 0 0 0 0 0 0 0 0 0 0 0 0 0 0 0 0 0 635600 0 0 0 0 0 0 0 0 0 0 0 0 0 0 0 0 0 0 0 0 0 0 0 625425 0 0 0 0 0 0 639150 0 660275 621725 0 0 0 0 0 0 
0 0 0 0 0 0 0 0 0 0 0 0 0 0 0 0 0 0 0 0 0 0 0 0 0 0 0 0 0 0 0 0 0 0 0 0 0 0 0 0 636250 0 0 0 0 0 0 0 0 0 0 0 0 0 0 0 0 0 0 0 0 0 652025 0 0 0 0 648500 0 641650 0 0 0 0 664200 0 633375 641000 633250 633500 0 
0 0 0 0 0 0 0 0 0 0 0 0 0 0 0 0 0 0 0 0 0 0 0 0 0 0 0 0 0 0 0 0 0 0 0 0 0 0 0 0 629275 0 0 0 0 0 0 0 0 0 0 0 0 0 0 0 0 0 0 0 0 0 0 0 0 0 0 622675 663350 640175 0 0 0 0 0 671900 638975 691375 642025 639475 0 
0 0 0 0 0 0 0 0 0 0 0 0 0 0 0 0 0 0 0 0 0 0 0 0 0 0 0 0 0 0 0 645025 0 0 0 0 0 0 0 0 629600 0 0 0 0 0 0 0 0 633775 0 0 0 0 0 0 0 0 0 0 0 0 0 0 0 0 0 661125 0 0 655950 664450 0 0 0 0 607150 0 628900 619600 0 
0 660075 0 0 0 0 0 0 0 0 0 0 0 0 0 0 0 0 0 0 0 0 0 0 0 0 0 0 0 0 0 0 0 0 0 635250 0 0 0 0 643750 0 0 0 0 0 0 0 0 0 0 0 0 590075 0 0 0 0 0 647975 0 0 0 0 0 0 0 0 652675 0 0 631950 0 0 0 0 0 644875 0 637475 0 
0 0 0 0 0 0 0 0 0 0 0 0 0 0 0 662100 0 0 0 0 0 0 0 0 0 0 646025 0 0 0 0 0 0 0 0 638500 0 0 0 0 660525 0 0 0 636900 0 0 0 0 0 0 0 0 0 0 0 0 0 0 0 0 0 623775 0 0 0 0 0 0 621500 0 648375 0 0 0 0 0 0 648975 660550 0 
0 0 0 0 0 0 0 0 0 0 0 0 0 0 0 0 0 0 0 0 0 0 0 0 0 0 0 0 0 0 0 0 0 0 0 0 0 0 0 0 662825 0 0 0 641200 0 0 0 0 0 0 0 639725 649850 0 0 0 0 0 0 0 0 658350 0 0 0 0 0 0 0 0 0 647325 0 0 0 0 0 0 621700 645900 
0 0 0 0 0 0 0 0 0 0 0 0 0 0 0 0 0 0 0 0 0 0 0 0 0 0 0 0 0 0 0 0 0 0 0 0 0 0 0 0 622975 0 0 0 0 0 0 0 0 0 0 0 0 0 0 0 0 0 0 0 0 0 0 0 0 0 0 0 0 0 0 0 0 0 0 0 0 0 0 0 647625 
