668350 645000 642125 630800 653550 642875 635500 653125 634875 636650 602375 623100 635300 657200 643350 661775 628500 647075 625475 651775 654500 662200 640225 667050 624850 665575 663975 658825 634775 620350 660075 650300 630850 663250 610700 636525 638600 648950 664275 668200 631575 644650 635625 657725 636225 630800 640750 604275 635100 599925 650775 637750 614600 649250 633850 658500 630800 663625 616925 667325 660975 608150 620050 644575 640225 627200 674000 654650 638700 644225 655700 635925 653650 644200 643800 620625 636000 653225 667900 646525 664825 
0 643450 0 0 0 0 0 0 0 0 640875 0 0 0 0 0 0 0 0 0 0 0 0 0 0 0 0 0 636875 0 0 0 0 0 0 0 0 0 0 0 665800 0 0 0 0 0 0 0 0 0 0 0 0 0 0 0 0 0 0 0 0 0 0 0 0 0 0 0 0 0 0 0 0 0 0 0 0 0 0 0 0 
637000 0 616925 0 627000 0 0 0 0 0 0 0 0 0 0 0 0 0 0 0 0 0 0 0 0 0 638200 0 0 0 0 0 0 0 0 0 0 0 0 0 647475 0 0 0 0 0 0 0 0 0 0 0 0 0 0 0 0 0 0 0 0 0 0 0 0 0 0 0 0 634975 0 0 0 0 0 0 0 0 641625 627425 0 
0 0 0 604000 0 0 0 0 0 0 0 0 0 0 0 0 0 0 0 0 0 669925 0 0 0 0 0 0 0 0 0 0 0 0 0 0 0 0 0 0 623700 0 0 0 0 0 0 0 0 0 0 0 0 0 0 0 0 0 0 0 0 0 0 0 0 0 0 628450 651050 0 0 0 0 0 0 643850 645450 0 0 0 0 
0 0 645850 0 637325 637050 0 0 0 0 0 0 649700 0 0 0 0 0 0 0 0 0 0 0 0 0 0 0 0 0 0 0 0 0 0 0 0 0 0 0 620125 0 0 0 0 0 0 0 0 0 0 0 0 0 0 0 0 0 0 0 0 0 0 0 0 0 0 0 0 0 0 0 0 0 0 0 0 0 0 0 0 
0 0 0 0 0 647575 626675 0 0 0 0 651300 0 0 0 0 0 0 0 0 0 0 0 0 0 0 0 0 0 0 0 0 0 0 0 0 0 0 0 0 607025 0 0 0 0 0 0 0 0 0 0 633175 0 0 0 0 0 0 0 0 0 0 0 0 0 0 0 0 0 0 0 0 0 0 0 0 0 0 0 0 0 
0 0 0 0 0 654725 643700 617300 0 0 0 0 0 0 0 0 0 0 0 0 0 0 0 0 0 0 654175 0 0 0 0 0 0 0 0 0 0 0 0 0 647975 0 0 0 662275 0 0 0 657050 0 0 0 0 0 0 0 0 0 0 0 0 613625 0 0 0 0 0 0 0 0 0 0 0 0 0 0 0 0 0 0 0 
0 649450 0 0 0 0 0 638175 640875 0 0 0 0 0 0 0 0 0 0 0 0 0 0 0 0 0 0 0 0 0 0 0 643625 0 0 0 0 0 0 0 636675 0 0 0 0 0 0 0 0 0 0 0 0 0 0 0 0 0 0 0 0 0 0 0 0 0 0 0 0 0 0 0 0 0 0 0 0 0 0 0 0 
0 0 0 0 0 0 0 0 631250 0 0 0 0 0 0 0 0 0 0 0 0 0 0 629250 0 0 630150 0 0 0 0 0 0 0 0 0 0 0 0 0 627775 0 0 0 0 0 0 0 0 0 0 0 0 0 0 0 0 0 0 616650 0 0 0 0 0 0 0 0 0 0 0 0 0 0 0 0 0 0 0 0 0 
0 0 0 0 0 0 0 0 0 670425 0 0 0 0 0 0 0 0 646675 0 0 0 0 0 0 0 0 634400 0 0 0 0 0 0 0 0 644600 0 0 0 611625 0 0 0 646400 0 0 0 0 0 0 0 0 0 0 0 0 0 0 0 0 0 0 0 0 0 0 0 0 0 0 0 0 0 0 0 0 0 0 0 662125 
0 0 0 0 0 0 0 0 0 0 624775 0 657925 0 0 0 0 658500 0 640075 0 0 0 0 0 0 0 0 0 0 0 0 0 0 0 0 0 0 0 0 614350 0 0 0 0 0 0 0 0 0 0 0 0 0 0 0 0 0 0 0 0 0 0 0 0 0 0 0 0 0 0 0 0 0 0 0 0 0 0 0 0 
0 0 0 0 0 0 0 0 0 0 0 638150 0 0 0 0 0 0 0 0 0 0 0 0 0 0 0 0 0 634825 0 0 0 0 0 0 0 0 0 0 618925 0 0 0 0 0 0 0 0 0 0 0 0 0 0 0 0 0 0 0 0 0 0 0 0 0 0 0 0 0 0 0 0 0 629300 0 0 0 0 0 0 
0 0 0 0 0 0 0 0 0 0 0 0 644175 621200 0 0 0 0 0 0 0 0 0 0 0 0 0 0 0 640925 0 0 0 0 0 0 0 0 657725 0 638325 0 0 0 0 0 0 0 0 0 0 0 0 0 0 0 667225 639700 0 0 0 0 0 0 0 0 657325 0 0 0 0 0 0 0 0 0 0 0 0 0 0 
0 0 0 0 0 0 0 0 0 0 644150 0 0 613675 665325 0 0 0 0 0 0 646950 662100 0 0 0 0 0 0 0 0 0 0 0 0 0 0 0 0 0 640375 0 0 0 0 0 0 0 0 0 0 0 0 0 0 0 0 0 0 0 0 0 0 0 0 0 0 0 0 0 0 0 0 0 0 0 0 0 0 0 0 
0 0 0 0 0 0 643825 0 0 0 0 0 0 0 626175 630375 0 0 0 0 0 0 0 642950 0 0 0 0 0 0 0 0 0 0 0 0 0 0 0 0 648625 0 0 0 0 0 0 0 0 0 0 0 0 0 0 0 0 0 0 0 0 0 0 0 0 0 0 616775 0 0 0 0 0 0 0 0 0 0 0 0 0 
0 0 0 0 0 0 634650 0 0 0 0 0 0 0 646575 643275 668625 0 0 0 0 0 0 660275 0 644975 0 0 0 0 0 0 0 0 632550 0 0 0 0 0 619300 0 0 0 0 0 0 0 0 0 0 0 0 0 0 0 0 0 0 0 0 0 0 0 0 0 0 0 0 0 0 0 0 0 0 0 0 0 0 0 0 
0 0 0 0 0 0 0 0 0 0 0 0 0 0 0 646100 634075 632875 0 0 0 0 0 0 0 0 638775 0 0 0 0 0 0 0 0 638850 0 0 0 0 618400 0 0 0 0 0 0 0 0 0 0 0 0 0 0 0 0 0 0 0 0 0 0 0 0 0 0 0 0 0 0 632850 0 0 0 0 0 0 0 0 0 
0 0 0 0 0 0 0 0 0 0 0 0 0 0 0 642675 652550 643625 0 0 0 0 0 0 0 0 0 0 0 0 0 0 0 0 0 622475 0 0 0 0 652700 0 638300 0 0 0 0 0 0 0 0 613875 0 0 0 0 0 0 0 0 0 0 0 0 0 0 0 0 0 669400 0 0 0 0 0 0 0 0 0 0 0 
0 0 0 0 0 0 0 0 0 642150 0 0 0 0 0 0 0 0 624700 0 632150 0 0 0 0 0 0 604750 0 0 0 0 0 0 635950 0 0 0 0 0 655400 0 0 642425 0 637350 0 0 0 0 0 0 0 0 0 0 0 0 0 0 0 0 0 0 0 0 0 0 0 0 0 0 0 0 0 0 0 0 0 0 0 
0 0 0 0 0 0 0 0 0 0 0 0 0 0 0 0 653600 0 0 644975 0 0 0 0 0 0 0 0 0 0 0 0 0 0 0 0 0 635975 0 0 656275 0 0 0 0 0 0 0 0 0 0 0 0 0 0 0 0 0 0 0 0 0 0 0 0 0 0 0 0 0 0 0 0 0 0 0 0 0 0 0 0 
0 0 0 0 0 0 0 0 0 0 0 0 0 0 0 0 0 0 0 0 657050 0 0 0 0 0 0 0 0 0 0 0 0 0 0 0 0 0 641650 0 625800 0 0 0 0 0 0 0 0 0 0 0 0 0 0 635675 0 0 0 0 0 0 0 650575 0 0 0 0 0 0 0 0 0 0 0 0 0 0 0 0 0 
0 0 0 0 0 0 0 0 0 0 0 0 0 645400 0 0 0 0 0 622350 0 613025 651675 0 0 0 0 0 0 0 0 0 0 0 0 0 0 0 654400 0 632775 0 0 0 0 0 0 0 0 0 0 0 0 0 0 0 0 0 0 0 0 0 0 0 0 0 0 0 0 0 0 0 0 0 0 0 0 0 0 0 0 
0 0 0 0 0 0 0 0 0 0 0 625225 0 655075 0 0 0 0 0 0 0 0 648150 641075 0 0 0 0 0 597375 0 0 0 0 0 0 0 0 0 0 662450 0 0 0 0 0 0 0 0 0 0 0 0 0 0 0 0 0 0 0 0 0 0 0 0 0 0 0 0 0 0 0 0 0 0 0 0 0 0 0 0 
0 0 0 0 0 640150 0 0 0 0 0 0 0 0 0 0 0 0 640150 0 0 0 0 636200 641950 0 0 0 0 0 0 0 0 0 0 0 0 0 0 0 643950 0 0 0 0 0 0 0 0 645675 0 0 0 0 0 0 0 0 0 0 0 0 0 0 0 0 0 0 0 0 0 0 0 0 0 0 0 0 0 0 0 
0 0 0 0 0 0 0 0 0 0 0 0 0 0 0 0 0 0 0 0 0 0 0 0 645900 610075 0 0 0 0 0 0 0 0 0 0 0 0 0 0 620000 0 0 0 0 0 0 0 0 0 0 0 0 0 0 0 0 0 0 0 0 0 0 0 631725 0 0 0 0 0 0 0 0 614525 0 0 667700 0 0 0 0 
0 0 0 0 0 0 0 0 0 0 0 0 0 0 0 0 0 0 0 0 0 0 0 0 0 632800 0 0 0 0 0 0 0 0 0 0 0 0 0 0 643375 0 0 614350 0 0 0 0 0 0 0 0 0 0 0 0 0 0 0 0 0 0 0 0 0 0 0 0 0 0 0 0 0 0 0 0 654050 639275 638650 0 0 
0 0 0 0 0 0 0 0 0 0 0 0 0 0 0 0 0 633675 0 0 0 0 0 664800 0 0 661125 0 0 0 0 0 0 0 0 638775 0 0 0 0 616425 0 0 0 641025 0 0 0 0 0 0 0 0 0 0 0 0 0 0 0 642775 0 650050 0 0 0 0 0 0 0 0 0 0 0 0 0 0 0 0 0 0 
0 0 0 0 0 0 0 0 0 0 0 0 0 0 0 0 0 0 0 0 0 0 0 0 655250 0 0 647550 637900 0 0 0 0 654800 0 0 0 0 0 0 615775 0 0 0 0 631775 0 0 0 0 0 0 0 0 0 0 0 0 0 0 0 0 0 0 0 0 0 0 0 0 0 0 0 0 0 0 0 0 0 0 0 
0 0 0 0 0 0 0 0 0 0 0 0 0 0 655275 0 0 0 0 0 0 0 0 0 0 0 0 0 656000 0 0 0 0 0 0 0 0 0 0 0 657225 0 0 0 0 0 623400 0 0 0 0 0 0 0 0 0 0 0 0 0 0 0 0 0 0 0 0 0 0 0 0 0 0 0 0 0 0 0 0 0 0 
0 0 0 0 0 0 0 0 0 0 0 653575 635800 0 0 0 0 0 0 0 0 0 0 0 0 0 0 0 0 640000 643700 0 0 0 0 0 0 0 0 0 641150 0 0 0 0 0 0 609425 0 0 0 0 0 0 0 0 639550 0 0 0 0 0 0 0 0 0 0 0 0 0 0 0 0 0 0 0 0 0 0 0 0 
0 0 0 0 0 0 0 0 0 0 0 0 0 0 0 0 0 0 0 0 0 0 0 0 0 0 0 663825 619800 0 648525 610500 0 0 0 0 0 0 0 0 636575 0 0 0 0 0 0 0 0 0 0 0 0 0 0 0 0 626400 0 0 0 0 0 0 0 0 0 0 0 0 0 0 0 0 0 0 0 0 0 0 0 
0 0 0 0 593900 0 0 0 0 0 649250 0 0 0 0 0 0 0 0 0 0 0 0 0 0 0 0 0 617900 0 0 638250 653050 0 0 0 0 0 0 0 647075 0 0 0 0 0 0 0 0 0 0 0 0 0 0 0 0 0 0 0 0 0 0 0 0 0 0 0 0 0 0 0 0 0 0 0 0 0 0 0 0 
0 0 0 0 646775 0 0 0 0 0 0 0 0 0 0 0 0 0 0 0 0 0 0 0 0 0 0 0 0 639650 0 0 647875 652925 0 0 638675 0 0 0 651200 0 0 0 0 627100 0 0 0 0 0 0 0 0 0 0 0 0 0 0 0 0 0 0 0 0 0 0 0 0 0 0 0 0 0 0 0 0 0 0 0 
0 0 0 0 0 0 0 0 0 0 0 0 0 0 0 0 0 0 0 0 0 0 0 0 630700 0 0 0 0 0 643300 0 0 627950 636450 0 0 0 0 0 636675 0 0 0 0 0 0 623900 0 0 0 0 0 0 0 0 0 0 0 0 0 0 0 0 0 0 0 0 626775 0 0 0 0 0 0 0 0 625575 0 0 0 
0 0 0 0 0 0 0 0 0 0 0 0 0 0 0 0 0 0 0 0 0 0 0 0 0 0 0 0 0 0 0 0 0 614825 631275 599275 0 0 0 0 634675 634400 0 637525 0 0 0 0 0 657400 0 0 659325 0 0 0 0 0 0 0 0 633200 0 0 0 0 0 0 0 601350 0 0 0 0 0 0 0 0 0 0 0 
0 0 0 0 0 0 0 0 0 0 0 0 0 0 0 0 634250 0 0 0 0 0 0 0 0 0 635800 0 0 0 0 0 0 0 643275 633050 0 0 0 0 643600 0 0 0 0 0 0 0 0 0 0 639950 626375 648625 0 0 0 0 0 0 0 0 0 0 0 0 0 0 0 0 0 650250 0 0 0 0 0 0 0 0 0 
0 0 0 0 0 0 0 0 0 0 0 0 0 0 0 0 0 0 648300 0 0 0 662175 0 0 0 0 0 0 638200 0 0 0 0 0 0 605550 0 0 0 629175 0 0 0 0 0 0 0 0 0 0 0 0 0 636725 0 0 0 0 0 0 0 0 0 0 0 0 0 0 0 0 0 0 0 0 0 0 0 0 0 0 
0 0 0 0 0 0 0 0 0 0 641975 0 0 0 0 0 0 0 0 0 0 627400 0 0 0 0 0 0 0 670600 0 0 0 0 0 0 0 634450 642425 0 638150 0 0 0 0 0 0 0 0 0 0 0 0 0 0 613250 0 0 0 0 0 0 0 0 0 0 0 0 0 0 0 0 0 0 0 0 0 0 0 0 0 
0 0 659850 0 0 0 0 0 0 0 0 0 0 0 0 0 0 0 0 0 0 0 0 0 0 0 0 0 0 0 0 0 0 0 0 0 0 0 623300 646175 659375 0 628625 0 0 0 0 0 0 0 0 0 0 0 0 0 0 0 0 0 0 0 0 0 0 0 0 0 0 0 0 0 0 0 0 0 0 0 0 0 0 
0 0 0 0 0 0 0 0 0 0 0 0 0 0 0 0 0 0 652625 0 0 0 0 0 0 0 0 648525 0 0 0 0 0 0 0 0 639775 0 0 658975 628900 0 0 0 0 0 0 0 0 0 641850 0 0 0 0 0 0 622450 0 0 0 0 0 0 0 0 642125 0 0 0 0 0 0 0 0 0 0 0 0 0 0 
612700 596075 633850 634475 665750 629775 635500 648875 636275 655325 624275 619450 675625 644650 652575 678425 645675 598875 632225 637675 603050 619075 652875 654850 641850 635075 622900 651225 651950 675875 632175 614875 618725 679475 605350 607875 643350 663275 630575 628325 646125 658925 659600 652800 653475 624100 653550 617225 614500 649225 640325 665925 634875 611925 622825 634525 649075 657125 622400 594450 639125 667200 648575 635275 604325 654150 661500 625725 643925 637025 649525 617675 656800 672350 629425 646775 661175 660625 621250 593575 648400 
0 0 0 0 0 0 669850 0 0 0 0 0 626375 0 0 0 0 0 0 639725 0 0 0 0 0 0 0 0 0 0 0 0 0 0 0 0 0 0 0 0 613700 649500 644800 641775 0 0 0 0 0 0 0 624300 0 0 0 0 0 0 0 0 0 0 0 0 0 0 0 0 0 0 0 0 0 0 0 0 0 0 0 0 0 
0 0 0 0 0 0 626725 0 0 0 0 0 0 0 0 0 0 0 0 0 613025 0 0 0 0 0 0 0 0 0 0 0 0 0 619400 0 0 0 0 0 632100 0 684625 633950 0 0 0 0 0 0 0 0 0 0 0 0 0 0 0 0 607300 0 0 0 0 0 0 0 0 0 0 0 0 0 0 0 0 0 0 0 0 
0 0 0 0 0 0 0 0 0 0 0 0 0 0 0 0 0 0 0 0 0 0 0 0 0 0 0 0 0 0 0 628225 606425 0 669600 0 0 0 0 0 609175 0 0 615125 616650 0 0 0 0 0 0 0 0 0 0 0 0 0 0 0 0 666225 0 0 0 0 0 0 0 0 0 619725 0 0 0 0 0 0 0 643125 0 
0 0 0 0 0 0 0 0 0 0 0 0 0 0 0 0 0 624250 0 0 0 0 0 0 0 0 0 0 0 0 0 0 0 0 0 0 607100 0 0 0 631125 624000 623950 618250 616800 0 0 0 0 0 0 0 0 0 0 0 0 0 0 0 0 0 0 0 0 0 0 0 0 0 0 629225 0 0 0 0 0 0 0 0 0 
0 0 0 0 0 0 0 0 0 0 0 0 0 0 0 0 0 0 0 0 0 0 0 0 660325 646200 0 654650 0 0 0 0 0 0 0 0 0 0 0 0 604525 0 0 0 0 670525 0 602375 0 0 0 0 0 0 0 0 0 0 0 0 0 0 0 642450 0 0 0 0 0 0 0 0 0 0 0 0 0 0 0 0 0 
0 611175 0 0 0 0 0 0 0 0 0 0 0 0 0 0 0 0 0 0 0 0 0 0 0 0 0 0 0 0 633175 0 0 0 0 0 0 0 0 0 647475 0 0 0 0 0 650475 648725 664925 0 0 0 0 0 0 0 0 0 0 0 0 0 0 0 0 0 0 0 0 0 0 0 0 0 0 0 0 0 0 0 0 
0 0 0 0 0 0 0 0 0 0 0 0 0 0 0 0 0 0 0 0 0 0 0 0 0 0 0 0 0 0 0 0 0 0 0 0 0 0 0 0 621925 0 0 0 0 635525 0 633225 604500 0 0 0 0 0 638300 0 631125 642975 0 0 0 0 0 0 0 0 0 0 0 0 0 0 0 0 0 0 0 0 0 0 0 
0 0 0 0 0 0 0 0 0 0 0 0 0 0 0 0 0 0 0 0 0 0 0 0 0 0 0 0 0 0 0 0 0 0 0 0 0 646075 0 0 659875 0 0 0 0 0 0 0 639000 640350 678425 0 0 0 0 0 0 0 0 0 0 0 0 0 0 0 634675 0 0 0 0 0 0 0 0 0 0 0 0 0 0 
0 0 0 0 0 0 0 0 0 0 0 0 0 0 0 0 0 0 0 0 618225 0 0 0 0 0 0 623825 0 0 0 0 0 0 0 0 0 0 0 0 639525 0 0 0 0 637525 0 0 0 626675 641850 632475 0 0 0 0 0 0 0 0 0 0 0 0 0 0 0 652325 646850 0 0 0 0 0 0 0 628775 0 0 0 0 
0 0 0 0 0 0 0 0 0 0 0 0 0 0 0 0 0 0 0 0 0 0 0 0 0 0 0 0 0 0 0 0 0 0 0 0 0 0 0 0 604400 0 0 0 0 0 652975 0 0 0 650275 606150 0 658125 0 0 0 0 0 0 0 0 0 0 0 0 0 0 0 0 0 0 0 0 0 0 0 618975 0 0 0 
0 0 0 0 0 0 0 0 0 0 0 0 0 0 0 0 0 0 0 0 0 0 0 0 0 0 651725 0 0 0 0 0 0 0 0 0 0 0 0 652250 653750 0 0 0 637975 0 0 0 0 0 633800 654850 0 663425 0 0 0 0 0 0 0 627700 0 0 0 0 0 0 0 629400 0 0 0 0 0 0 0 0 0 0 0 
0 0 0 0 0 0 0 0 0 616625 0 0 0 0 0 0 0 0 0 0 0 0 0 0 0 0 0 0 0 0 0 0 0 0 0 0 0 0 0 0 633800 0 0 0 651425 0 0 0 0 0 646500 646075 620600 0 0 0 0 0 0 0 0 0 0 0 0 0 0 0 0 0 613050 0 0 0 0 0 0 0 0 643000 0 
0 0 0 0 0 0 0 0 0 0 0 0 0 0 0 0 0 0 0 0 0 0 0 0 0 0 636325 0 0 0 0 0 0 0 0 0 0 0 0 0 643800 0 0 0 0 0 0 0 0 0 0 0 656625 657725 0 0 0 0 0 0 0 0 0 0 0 0 0 0 0 0 0 0 0 0 0 0 0 0 0 0 0 
0 0 0 0 0 0 0 0 0 0 0 0 0 0 0 0 0 0 0 0 0 0 0 0 0 0 0 0 0 0 0 0 0 0 0 621275 0 0 0 0 634475 0 0 663250 0 623600 0 0 0 0 0 0 0 0 638050 0 0 0 0 0 0 643325 0 0 0 0 0 0 0 0 652975 0 653575 0 0 0 0 0 0 0 0 
0 0 0 0 0 0 0 0 0 0 0 0 0 0 0 0 0 0 0 663075 0 0 0 0 0 0 0 0 0 0 0 0 0 0 0 0 0 0 0 0 631550 0 0 0 0 0 0 0 0 0 0 0 0 0 0 616625 632950 0 0 692400 650850 0 0 0 0 0 0 0 0 0 0 0 0 0 0 0 0 0 0 0 0 
0 0 0 0 0 0 0 0 0 0 0 0 0 0 0 0 0 0 0 0 0 0 0 0 0 0 0 0 0 0 0 0 0 0 0 0 0 0 0 0 628450 641850 0 0 0 0 0 0 0 651100 0 0 0 0 0 649950 598100 597025 0 0 0 0 0 0 0 0 0 0 0 0 0 0 0 0 0 0 0 0 0 0 0 
0 0 0 0 0 0 0 0 0 0 0 0 0 0 0 0 0 0 0 0 0 0 0 0 0 0 0 0 0 0 0 0 0 647775 0 0 0 0 0 0 651350 0 0 0 0 0 0 636450 0 0 0 0 0 0 0 0 633800 668625 628675 0 0 0 0 0 0 0 0 630725 0 0 0 0 0 0 0 657725 642250 0 0 0 0 
0 0 0 602575 0 0 0 0 0 0 0 0 0 0 0 0 0 0 0 0 0 603400 0 0 0 0 0 0 0 0 0 0 0 0 637700 0 0 0 0 0 646875 0 0 0 0 0 0 0 0 0 0 637000 0 0 0 0 0 0 618375 633475 0 0 0 0 0 0 0 0 606625 0 0 0 0 0 0 0 0 0 0 0 0 
0 0 0 0 0 0 0 0 0 0 0 0 0 0 0 0 0 0 0 0 0 0 0 0 0 0 0 0 0 0 0 0 0 0 0 654325 0 0 0 0 663950 0 0 0 0 0 0 0 0 0 0 0 0 0 645000 0 0 0 0 579925 0 0 637400 638750 0 0 0 0 0 0 0 0 0 0 0 0 0 609750 660925 615325 0 
0 0 0 0 0 0 0 0 0 639800 0 0 0 0 0 0 0 0 0 0 0 0 0 0 0 0 0 0 0 0 0 0 0 0 0 0 0 0 0 0 625525 0 0 0 0 0 0 0 0 0 0 0 0 0 0 0 0 0 0 633825 664200 0 626500 0 0 674875 0 0 0 0 0 0 0 0 0 0 0 0 0 0 0 
0 0 0 0 0 0 0 645450 0 0 0 0 0 0 0 0 0 0 0 0 0 0 0 0 0 0 0 0 0 0 0 0 0 0 0 0 0 0 0 0 629650 0 0 0 0 0 0 0 0 0 0 0 0 0 0 0 0 0 0 0 661950 611700 0 0 0 0 0 0 0 645750 0 0 0 0 0 0 0 0 0 638600 0 
650775 0 0 0 0 0 0 0 0 0 0 0 0 0 0 0 0 0 0 0 0 0 0 0 0 0 0 0 0 0 0 0 0 0 0 0 0 0 0 0 640275 0 0 0 0 0 0 0 0 0 0 0 0 0 0 0 0 0 0 0 614275 0 652250 0 0 0 0 0 0 0 0 0 0 0 0 0 0 0 0 0 0 
0 0 0 0 0 0 0 0 636225 0 0 0 0 0 0 0 0 0 0 0 0 0 0 0 0 0 0 0 0 0 0 0 0 0 0 0 614400 0 0 0 609850 0 0 0 0 0 0 0 0 0 0 0 0 0 641975 0 0 0 0 0 0 0 0 653975 651625 0 0 0 0 0 0 0 0 0 0 0 0 0 0 0 0 
0 0 0 0 0 0 0 0 0 0 0 0 0 0 0 0 0 0 0 0 0 0 0 0 0 0 0 0 0 0 0 0 0 0 0 0 0 0 0 0 637300 0 0 0 0 0 0 0 0 0 0 0 0 0 0 645375 0 0 0 0 0 0 0 0 640175 635450 0 0 0 637475 0 0 0 631375 0 0 0 634225 642050 644700 0 
0 0 0 0 0 0 0 0 0 0 0 0 0 0 0 0 0 0 0 0 0 0 0 0 0 0 0 0 0 0 0 0 0 0 0 0 0 0 0 0 626700 0 0 0 0 0 0 0 0 0 0 0 0 0 0 0 0 0 0 656900 0 0 0 0 0 667000 631825 0 0 0 0 0 0 0 0 644525 0 0 0 0 0 
0 0 0 0 0 0 0 0 0 0 0 0 0 0 0 0 0 0 0 0 0 0 0 0 0 0 0 0 0 0 0 0 0 0 0 0 0 0 0 0 657600 0 0 0 0 0 0 0 0 0 0 0 0 0 0 0 0 638500 0 0 636500 668275 0 0 0 667425 637825 632925 0 652500 0 0 0 0 0 669100 0 0 0 0 0 
0 0 0 0 0 0 0 0 0 0 0 0 0 656800 0 0 0 0 0 0 0 0 618400 0 0 0 657125 0 0 0 0 0 0 0 0 0 0 0 0 0 634575 0 0 0 0 0 0 0 0 0 0 0 0 0 0 0 0 0 0 0 0 629975 0 0 0 0 0 683425 669775 628450 0 0 0 0 0 0 0 0 660500 622350 0 
670375 0 0 0 0 0 0 0 0 0 0 0 0 0 0 0 0 0 0 0 0 0 0 639925 0 0 0 0 0 0 0 0 657950 0 0 634250 0 0 0 0 667675 0 0 0 639550 0 0 0 0 0 0 0 0 0 0 0 0 0 0 0 0 0 634375 0 0 0 0 0 660125 0 653900 0 0 0 0 0 0 0 0 0 0 
0 0 0 0 0 0 0 650950 0 0 0 0 0 0 0 0 0 0 0 0 0 0 0 0 0 0 0 0 0 0 0 0 0 0 0 0 0 0 0 0 637825 0 645800 0 0 0 0 0 0 0 0 649800 650550 0 0 0 0 0 0 0 0 0 0 0 648925 0 0 0 0 662350 0 0 0 0 0 0 0 0 0 0 0 
0 0 0 0 0 0 0 0 0 0 0 0 0 0 0 0 0 0 0 0 0 0 0 0 0 0 0 0 0 0 0 0 0 0 0 0 0 0 0 0 644275 0 0 0 648800 0 0 0 0 0 0 0 0 0 0 0 0 0 0 0 0 0 0 0 0 0 0 607675 0 0 612600 636000 0 0 0 0 0 0 0 0 0 
0 0 0 0 0 0 0 0 658025 0 0 0 0 0 0 0 0 0 0 0 0 0 0 0 0 0 0 0 0 0 0 0 0 0 0 0 0 0 0 0 644425 0 0 0 0 0 0 0 0 0 0 0 0 0 0 0 0 0 0 0 0 0 0 0 0 0 0 0 0 0 637250 637375 0 0 0 0 0 0 0 0 0 
0 0 0 0 0 0 0 0 0 0 0 0 0 0 0 0 0 0 0 0 0 0 0 0 0 0 0 0 0 0 0 0 0 0 0 0 0 0 0 0 638450 0 0 0 0 0 0 0 0 0 0 0 0 0 0 0 0 0 0 0 0 0 0 636375 0 0 0 0 0 0 0 0 646950 616375 0 0 0 0 0 0 0 
0 0 0 0 0 0 0 0 0 0 0 0 0 0 0 0 0 0 0 0 0 0 0 0 0 0 0 0 0 0 0 0 0 0 0 0 0 0 0 0 618950 0 0 0 0 0 0 0 0 0 0 0 0 0 0 0 0 0 0 0 0 0 0 0 622825 0 0 0 0 0 0 0 0 648150 618500 0 0 0 0 0 0 
0 0 0 0 0 0 0 0 0 0 0 0 0 0 0 0 0 0 0 0 0 0 0 0 0 0 0 0 0 0 0 0 0 0 0 0 0 0 0 0 657025 0 0 0 0 0 0 0 0 0 0 0 0 0 0 0 0 0 0 0 0 0 639675 0 0 0 0 0 0 0 0 0 638525 0 639375 637625 670400 665550 640000 652725 0 
0 0 0 0 0 0 0 0 0 0 0 0 0 0 0 0 0 0 0 0 0 0 0 0 0 0 0 0 0 0 0 0 0 0 0 0 0 0 0 0 642400 0 0 0 0 0 0 0 0 0 0 0 0 0 0 0 0 0 0 0 0 0 0 0 0 0 0 629525 616700 646150 0 0 0 0 0 646025 648500 626000 659100 640200 0 
0 0 0 0 0 0 0 0 0 0 0 0 0 0 0 0 0 0 0 0 0 0 0 0 0 0 0 0 0 0 0 0 0 0 0 0 0 0 0 0 647000 0 0 0 0 0 0 0 0 653850 0 0 0 0 0 0 0 0 0 0 0 0 0 0 0 0 0 638750 0 0 0 606900 0 614575 0 0 649475 0 652825 0 0 
0 659475 0 0 0 0 0 0 0 0 0 0 0 0 0 0 0 0 0 0 0 0 0 0 0 0 0 0 0 0 0 0 0 0 0 0 0 0 0 0 679275 0 0 0 0 0 0 0 0 0 0 0 0 0 0 0 0 0 0 0 0 0 0 0 0 0 0 0 646650 684275 0 0 627125 0 0 0 0 655150 0 0 636575 
0 0 0 0 0 0 0 0 0 0 0 0 0 0 0 616950 0 0 0 0 0 0 0 0 0 0 0 0 0 0 0 0 0 0 0 0 0 0 0 0 674575 0 0 0 633775 0 0 0 0 0 0 0 0 0 0 0 0 0 0 0 0 0 0 0 0 0 0 0 0 0 0 665350 0 0 0 0 0 0 635700 663600 0 
0 0 0 0 0 0 0 0 0 0 0 0 0 0 0 0 0 0 0 0 0 0 0 0 0 0 0 0 0 0 0 0 0 0 0 0 0 0 0 0 638025 0 0 0 0 0 0 0 0 0 0 0 652550 0 0 0 0 0 0 0 0 0 0 0 0 0 0 0 0 0 0 0 628025 0 0 0 0 0 0 658775 636275 
0 658875 0 0 0 0 0 0 0 0 0 0 0 0 0 0 0 0 0 0 0 0 0 0 0 0 0 0 0 0 0 0 0 0 0 0 0 0 0 0 622200 0 0 0 0 0 0 0 0 0 0 0 0 0 0 0 0 0 0 0 0 0 0 0 0 0 0 0 0 0 0 0 0 0 0 0 0 0 0 0 647125 
