103475 103150 106700 0 0 0 98300 104150 104775 0 104350 0 103875 106475 101275 0 0 0 97700 101400 102350 101375 0 0 0 0 0 112900 104900 0 104550 0 0 0 0 0 
0 104700 0 102725 101275 0 102550 105175 0 101975 0 0 0 106275 102400 103400 0 0 102850 101775 103225 101025 0 0 0 96075 0 0 0 0 0 0 0 0 0 0 
0 0 97025 101775 102225 0 0 100425 107875 0 100750 102300 0 102775 101700 100100 103025 0 0 96450 100400 99850 102400 0 0 103925 0 102350 101700 0 0 0 100675 100900 0 0 
0 102150 109400 0 99525 0 0 102400 0 0 102250 0 104800 0 101000 99700 104450 0 100650 0 104500 103525 106100 0 0 99100 101600 98450 106300 0 0 0 0 0 0 0 
104225 0 102875 0 102850 103300 0 101400 0 0 100600 101675 0 0 0 0 102200 0 0 0 103625 101925 97450 0 0 0 0 102250 103425 0 0 0 0 0 0 0 
0 0 0 0 0 0 0 0 0 0 100100 0 0 0 101100 97550 101350 0 0 0 98625 102875 96525 0 0 0 0 103225 107975 0 0 0 0 0 0 0 
100725 103925 105175 106525 0 0 100550 100125 105075 0 0 0 103175 99975 104500 97725 0 0 101700 102450 106425 100550 0 0 102300 105725 0 105875 104950 0 0 0 0 0 0 0 
0 0 0 0 101825 0 0 104350 0 0 99025 0 0 102400 0 103925 103000 0 0 101625 101450 99225 0 0 0 102625 0 0 0 0 0 0 0 0 0 0 
0 0 99275 0 0 0 0 102225 0 0 101800 102400 0 106000 101625 0 0 0 0 97050 97450 0 0 0 0 101850 0 0 0 0 0 0 102825 0 0 0 
0 108650 0 0 0 0 101525 105575 104725 101700 102425 106250 0 0 103875 98300 102975 0 0 0 101800 99500 102150 0 0 0 100275 100175 102525 0 0 0 0 106100 0 0 
99100 0 0 99775 0 103550 0 102700 105475 0 103175 0 0 101750 102450 105700 104775 102775 107375 101725 99825 101200 103825 0 108300 105375 0 99800 101175 0 0 0 0 0 0 0 
0 0 0 0 0 0 0 0 0 0 101700 0 0 0 100950 98500 104500 0 0 0 101875 102625 100225 0 0 0 0 103625 98350 0 0 0 0 0 0 0 
104450 101725 98775 100950 0 0 100625 104250 106125 98750 0 0 99125 102025 105550 99700 103350 0 99200 0 102275 101200 0 0 0 101200 0 105675 98525 0 0 105300 0 0 0 0 
0 104700 104600 0 103000 0 101275 101550 103225 99450 102125 98750 107550 96000 104700 101650 0 103675 0 102050 102725 105700 100650 0 0 102875 0 0 0 0 0 0 0 0 0 0 
0 0 98075 0 0 0 0 0 0 0 0 0 0 102475 101700 107150 100000 0 0 0 104025 102825 0 0 0 0 102225 0 102750 0 0 0 0 0 0 0 
0 101950 0 103200 103150 0 102200 0 0 104850 0 0 100500 102350 102275 102400 106875 96150 0 100350 103150 100850 0 102300 0 0 101275 103800 0 103500 0 0 0 0 0 0 
0 0 0 0 0 0 99825 0 100550 106675 107025 0 102225 0 0 0 100550 0 0 0 102125 99975 103525 104025 0 0 0 101375 103500 0 0 0 0 0 0 0 
0 0 0 0 0 0 0 0 0 0 98850 0 0 108000 104825 105650 103875 105025 0 0 100775 101550 105850 100875 0 0 0 99225 102850 100675 0 0 0 0 0 106650 
100675 105200 108200 0 0 0 107175 0 0 0 99375 0 99725 0 99200 0 98425 0 102375 107225 97000 97050 99450 0 103775 99975 0 0 98675 106100 99575 106000 0 0 102550 0 
0 0 0 0 0 0 100625 99825 105325 107175 0 0 104300 102650 102775 101100 103300 0 97625 101700 106175 103250 99925 96250 0 99475 97325 103375 0 101975 0 0 0 100450 105125 0 
0 0 0 103825 0 105275 0 0 103450 0 103750 0 0 100775 102800 97425 96200 101900 101725 100000 102625 100300 102300 101675 0 98150 104175 103675 101550 100450 101000 0 102000 0 103025 99525 
0 0 0 102800 0 0 0 0 0 0 105400 0 0 0 103175 101450 93900 97975 101925 0 104525 99875 102225 101375 0 0 98525 106650 103525 0 0 0 0 0 0 0 
0 0 0 0 102150 0 0 0 101925 101875 104975 104325 0 0 0 0 102850 0 0 0 105550 0 107750 0 0 97750 0 0 0 0 0 0 0 0 0 0 
0 0 0 0 0 104100 0 105450 0 0 105000 0 0 99900 103625 99750 96675 99225 98175 103525 103425 99925 104550 0 0 97875 0 0 0 0 0 102475 97175 0 0 101950 
0 99075 0 0 0 0 98350 110900 0 0 0 0 105600 100075 0 0 0 0 103900 0 105875 104250 0 0 102675 101875 103075 99200 106650 0 98600 104125 103250 99325 0 0 
99800 0 0 0 0 0 0 105450 0 0 0 0 0 102450 0 102925 0 99200 99550 98550 99850 103525 0 0 100325 98650 99675 0 0 0 0 0 99625 0 0 0 
0 0 0 0 0 97800 0 0 0 0 100650 106800 0 0 97950 100775 101950 0 0 0 101475 102450 98475 0 104000 0 99925 102675 102475 102950 104400 0 104050 0 0 106025 
0 0 0 0 0 0 0 0 0 0 104900 0 0 103450 100100 101300 101100 0 0 102825 97625 101700 102350 0 100875 0 103775 104875 101825 100550 103800 102175 107600 0 99850 103925 
0 0 0 100625 103700 0 0 0 99000 0 101175 100900 0 0 101700 98575 103700 0 0 0 97750 105750 104000 0 0 0 0 0 98000 0 0 0 0 0 0 0 
0 0 0 0 0 0 0 0 0 0 102350 0 0 0 101350 105250 106050 0 0 0 100375 100875 106550 0 0 0 0 99850 105100 100875 100125 106225 103025 0 103450 104725 
0 0 0 0 0 0 0 104925 0 0 0 0 105200 105725 99650 99225 0 0 108150 103875 101150 105300 0 0 100750 103325 0 102075 106325 0 98000 97300 105300 0 106450 101975 
105675 0 101400 0 105575 103775 0 108550 0 0 0 104775 0 103475 103850 101700 0 0 100750 107150 101850 103675 105475 0 100700 103375 0 101775 103375 0 107475 107475 102725 0 106900 102850 
0 0 0 0 0 0 0 0 0 0 0 0 0 0 104600 102200 0 101725 0 101625 100675 104325 0 0 0 101850 100850 103500 98375 0 0 0 103025 102475 107100 103150 
0 0 110450 0 0 0 0 0 0 0 102775 0 0 0 0 100125 97475 0 0 0 104075 0 103425 0 0 0 104675 0 102850 0 0 0 103375 101550 0 0 
0 0 0 0 104925 0 0 0 0 102075 97275 0 0 0 102750 99575 102175 102250 0 0 102175 106675 102050 102400 0 0 0 103125 95725 101275 0 0 0 0 95725 0 
0 0 0 0 0 0 0 0 0 0 100600 0 0 0 102325 97175 108050 0 0 0 96725 108125 98800 0 0 0 0 100975 107800 100775 0 0 0 107200 103125 0 
