618425 672700 627350 652750 641500 627350 642475 666700 628600 651900 659050 667400 648875 645300 636800 671475 671700 601600 645600 646850 651800 644325 649400 633825 637250 650700 652725 660900 645850 628325 623225 643800 650575 609975 641875 658350 
0 604875 0 0 0 0 0 0 0 0 0 0 0 0 645375 0 0 0 0 0 0 0 0 0 0 0 0 0 0 0 664300 0 0 0 0 0 
0 0 645500 0 0 0 0 0 672425 642200 0 0 0 654975 669475 0 0 0 0 0 0 0 0 0 0 0 0 0 0 0 0 0 0 0 0 0 
0 0 0 583775 0 639850 0 0 643325 0 636500 0 0 0 639600 0 621975 640900 0 0 648000 662825 0 0 0 0 664600 0 0 0 0 0 0 0 0 0 
0 0 0 634225 614425 618825 0 0 0 0 621450 621425 0 0 655500 0 0 681975 0 0 0 0 0 0 0 0 0 637675 652375 0 0 0 0 0 629225 0 
0 0 0 0 666475 635800 0 0 0 0 630675 0 0 0 648000 0 0 657875 0 0 0 0 0 629675 0 0 0 0 0 0 0 0 0 0 0 0 
0 0 0 0 0 0 623825 0 0 640700 644550 0 0 643975 629800 0 0 0 0 0 0 0 0 0 0 0 0 0 0 0 0 0 0 0 0 0 
0 0 0 0 0 0 0 646325 656025 0 0 0 0 661700 645350 0 0 0 627650 632250 0 0 0 0 0 665025 0 0 0 0 0 0 0 0 0 0 
0 605500 622475 0 0 0 0 0 640525 666475 0 0 0 0 649075 0 0 0 0 0 0 0 0 0 0 0 0 0 0 0 0 0 0 0 0 0 
0 0 0 0 0 0 0 0 0 620875 638525 0 0 0 636175 640475 0 0 0 0 0 0 0 0 629375 649575 663525 0 0 0 0 0 0 0 0 0 
0 0 0 0 674425 634825 0 0 0 0 632350 0 0 0 616775 0 0 656000 0 0 0 0 0 639025 0 0 0 609600 0 0 0 0 0 637000 664100 0 
0 0 0 0 0 0 0 640800 0 0 0 618000 0 0 635650 0 0 633575 0 0 0 0 0 657375 0 0 0 0 0 0 0 0 646200 629925 645975 0 
0 0 633875 0 0 0 0 0 0 0 0 0 629575 623675 670250 0 0 0 649875 0 0 0 0 0 0 0 0 0 0 0 0 0 0 0 0 0 
0 0 0 0 0 0 616150 0 0 0 0 0 0 668025 629675 0 0 0 0 637400 0 0 0 0 0 647375 0 0 0 0 0 625825 0 0 0 0 
645625 629300 631325 664775 654775 643750 655325 660350 648800 644050 608675 617600 645500 680150 611400 648225 651275 627525 604450 656425 630525 622050 656400 619100 653175 645500 646400 613225 629250 651900 657100 644125 651725 620525 666550 671175 
0 0 0 0 0 641700 0 651100 654525 0 624775 0 0 618925 619300 627950 650475 598225 0 0 0 662900 0 0 0 0 0 0 0 0 0 0 0 0 0 0 
0 0 0 0 0 0 0 0 0 0 0 0 665025 0 628575 623925 644250 0 0 0 0 0 630500 0 0 0 0 0 613775 0 0 0 0 0 633650 0 
0 0 0 0 0 0 0 0 0 0 0 631750 0 0 617850 0 654925 623025 0 0 657400 0 0 656550 0 0 0 0 0 0 0 0 0 0 0 0 
0 0 0 630650 0 616950 0 0 0 0 627200 0 0 0 669725 0 0 0 654075 623725 0 0 0 0 0 641300 0 664250 0 0 0 0 0 0 0 0 
0 0 0 0 0 0 0 0 0 0 0 0 0 0 664625 663375 0 0 0 606900 637825 0 0 0 0 636600 658000 623325 0 0 0 664225 0 0 0 0 
0 0 0 0 0 0 0 0 0 0 0 0 630350 0 633000 0 0 0 659225 0 613825 0 0 0 0 0 657950 638200 0 0 0 0 0 617650 627250 0 
639375 0 0 0 0 0 0 0 0 0 621975 0 0 0 618925 643775 0 0 0 0 629150 617900 662725 622500 0 0 620950 676350 0 0 0 0 661325 631225 0 0 
0 0 0 0 0 0 0 0 0 0 0 0 0 0 627475 0 0 677350 0 637250 0 0 645600 643675 0 0 0 0 0 0 0 660975 655575 617125 645525 0 
0 0 0 0 0 656600 0 0 0 0 0 0 0 0 650975 0 0 624425 0 0 0 671575 667900 644750 0 0 0 0 661525 0 0 0 0 0 0 665300 
0 0 0 0 0 0 0 0 0 0 0 0 637950 0 605125 670000 0 0 0 0 0 0 642525 0 647150 651950 627525 0 648500 0 0 0 0 0 648450 0 
0 0 0 0 0 0 0 0 0 0 0 0 0 0 644275 0 0 0 0 0 0 0 0 0 0 640400 0 0 0 0 0 627825 0 654825 0 0 
0 0 0 0 0 0 0 0 668750 0 0 0 0 0 659150 0 644525 629675 0 0 655975 0 0 612000 0 0 657400 0 0 0 0 0 0 0 0 0 
0 0 0 615875 0 654225 0 0 0 0 0 596425 0 0 612825 0 0 658875 0 0 0 0 0 616600 0 0 0 632625 646700 0 0 0 0 668425 635325 0 
0 0 0 0 0 657700 0 0 0 0 0 0 0 0 625025 0 0 642775 0 0 0 0 672475 633750 610600 0 0 0 657000 653125 0 0 0 0 617150 0 
0 0 0 0 0 0 0 0 0 0 0 0 0 0 654475 0 0 643450 0 0 0 0 0 0 0 0 0 0 0 630525 0 0 0 0 0 0 
0 0 0 0 0 655050 0 0 0 0 0 0 0 0 624875 0 0 634500 0 0 0 0 0 0 651975 0 0 0 0 615750 660275 0 0 0 0 0 
0 0 0 0 0 0 0 644625 0 0 0 0 0 0 637200 0 0 639450 0 637975 0 0 0 641325 0 0 0 0 0 0 0 663725 622325 608925 628175 0 
0 0 0 0 0 0 0 0 0 0 0 0 0 0 653950 0 0 0 0 0 0 0 0 626000 0 0 672100 651100 0 0 0 0 641350 649900 648600 0 
0 0 0 0 0 0 0 0 0 0 0 0 0 0 612575 0 0 618325 0 0 0 662600 0 624750 0 0 0 0 0 0 0 0 653000 636825 614575 0 
0 0 0 0 654125 645125 0 0 0 0 627350 0 0 0 618475 0 0 650975 0 0 0 0 657250 0 0 0 0 0 649200 0 0 0 0 0 660625 638025 
0 0 0 0 0 0 0 0 0 0 0 0 0 0 607650 0 0 0 0 0 0 0 0 0 0 0 0 0 0 0 0 0 0 0 0 645875 
