686950 666300 646350 620400 632850 670750 641100 647875 643250 621500 642850 643775 604125 636850 647425 626725 624725 625900 672150 640725 615150 624325 678125 615325 659525 615300 607775 616650 637450 651950 645375 628425 632575 648850 632875 612700 
639600 609600 633225 0 0 662425 639425 0 0 0 0 0 636800 0 613825 0 673725 0 620150 0 0 0 0 649525 655800 0 0 0 0 0 604375 0 0 0 643825 0 
628925 0 672950 0 0 643550 0 0 629225 632650 0 0 0 630100 639725 617150 596150 0 0 0 0 0 0 635925 0 0 611525 0 0 0 652875 601775 0 0 667450 0 
0 0 630875 653550 0 649550 0 0 630425 0 665750 0 0 0 637100 0 637875 626150 0 0 636200 649825 0 645075 0 0 666000 632050 0 0 0 0 0 656750 637075 0 
639075 633250 0 636850 685925 630900 0 0 0 0 626575 612300 0 0 624375 604000 0 644025 640500 0 629800 659050 649975 618125 0 0 0 626750 613925 0 0 0 0 0 652525 0 
0 0 0 0 632300 653050 0 0 0 0 624550 0 0 0 641375 0 629725 629325 0 0 0 0 0 625200 0 0 0 0 0 0 0 0 0 0 0 0 
0 0 0 0 0 616650 629950 618150 646375 629550 605850 0 0 643975 634975 0 636400 669150 0 0 0 0 0 628875 0 0 0 0 0 0 0 0 0 0 642475 0 
0 0 0 0 0 0 620250 625200 644025 0 0 0 0 648425 656425 0 603650 652300 662250 627225 0 0 0 649375 0 632825 0 646325 0 0 619000 644175 0 650525 650275 0 
0 646225 636125 0 0 635825 0 0 614925 650975 0 0 0 0 670275 662075 631675 0 0 0 0 0 0 661125 0 0 612675 0 0 0 0 0 0 0 644375 0 
0 0 0 0 0 660125 575650 669050 0 639350 647825 0 637850 0 636625 636950 0 619525 639475 0 0 0 0 616800 652525 610800 625000 650875 0 0 664400 0 0 666250 664200 0 
0 0 0 0 627000 619525 0 0 0 665925 619275 0 0 0 641075 0 0 624800 0 0 0 649500 0 655450 0 0 0 660050 0 0 0 0 0 651175 664950 0 
0 0 0 0 0 0 0 612275 0 0 0 619200 0 657675 610725 0 0 643700 0 0 0 0 0 649325 0 0 0 0 0 0 0 0 637075 634725 653650 0 
637875 0 641475 0 0 632925 0 0 645925 0 0 0 653225 645450 636225 0 629925 619550 671300 0 0 0 0 632025 0 0 0 0 0 0 638750 633050 0 639825 648775 0 
0 0 0 0 0 0 653850 0 672950 0 0 0 0 653725 599900 0 668100 633125 0 650400 0 0 0 613125 0 652600 0 650850 0 0 0 635300 0 652275 652700 0 
666650 631750 688175 616450 632500 643625 637450 645275 631000 645100 640200 662200 613075 621500 605600 674225 663425 624650 625275 651500 623200 659650 634025 615125 644225 635275 654125 667375 659800 615925 613650 644950 644700 635950 629025 618325 
0 0 0 638050 0 648975 0 640650 630375 0 665300 0 0 656100 649850 641850 631325 630200 0 0 0 592475 0 662125 0 0 0 0 0 0 0 0 0 0 648825 0 
0 0 0 0 0 0 0 0 0 0 0 0 662775 0 610225 652300 658925 635300 662375 0 0 623850 621275 0 610200 0 0 655050 630300 0 0 0 0 0 623650 0 
0 0 0 0 0 0 0 0 0 0 0 662525 0 0 651925 0 639800 652325 0 0 665125 0 0 656225 0 0 642225 660700 0 0 0 0 0 0 0 0 
659425 651450 0 659950 0 649350 684050 0 0 0 612500 0 0 0 656075 0 0 660225 666600 626275 653275 0 0 666275 0 624000 0 621375 0 0 612325 654700 0 650925 658550 0 
0 0 0 0 0 0 0 0 0 0 0 0 0 612875 659250 617525 0 664275 0 677575 624375 0 0 619525 0 641400 643950 630525 0 0 0 629400 0 621650 679275 0 
0 0 0 0 0 0 0 0 652300 0 0 0 649650 0 655525 0 631225 638550 643000 0 623925 0 0 620575 0 0 643675 614650 0 0 0 0 0 635525 658700 0 
625375 612350 0 0 0 0 641825 0 0 0 662375 0 627725 0 634250 664825 0 0 618750 631000 640225 626350 628300 614775 0 0 620700 616550 0 0 0 0 630600 649800 0 0 
0 0 0 0 0 0 0 0 0 0 0 0 0 0 647425 0 0 614100 0 632225 0 0 635825 642750 0 0 0 0 631775 0 0 627200 648775 618400 629850 0 
0 0 0 0 0 627675 0 0 0 0 0 0 0 0 615275 0 0 637875 0 0 0 639225 622775 632950 0 0 0 627425 654050 0 0 0 0 0 628825 629100 
0 0 0 0 0 0 654325 0 0 0 0 0 640175 0 653925 665800 638550 647900 651850 0 0 621225 655425 613600 606350 619050 655725 659075 643075 0 631025 0 0 663875 655675 0 
0 0 0 0 0 0 0 0 0 0 0 0 0 0 650725 0 0 0 0 0 0 0 0 627575 0 663325 0 0 0 0 0 631150 0 620375 653725 0 
0 0 616725 0 0 0 0 0 623950 0 0 0 0 0 636100 0 609425 620925 0 0 625625 0 0 658425 0 0 624250 623575 0 0 0 0 0 622925 625075 0 
0 0 0 610025 0 661075 0 0 0 678800 657225 643700 0 0 629075 623850 0 668775 0 0 0 636675 646550 604700 0 0 0 634825 623550 0 0 0 0 656450 624850 0 
0 0 0 0 0 631475 0 0 0 0 0 0 0 0 629125 0 0 611275 0 0 0 0 644425 669400 640750 0 0 0 651100 653375 639625 0 0 0 675375 0 
0 0 0 0 0 0 0 0 0 0 0 0 0 0 645400 0 0 683575 0 0 0 0 0 0 0 0 0 0 0 646125 0 0 0 0 0 637075 
668750 0 0 0 0 620775 635200 0 0 0 0 0 624875 0 629350 0 0 664150 637050 0 0 0 0 0 630150 0 0 0 0 635075 637975 0 0 0 651875 0 
0 0 0 0 0 0 0 653600 0 0 0 0 0 639050 640375 0 0 652125 0 623225 0 0 0 657850 0 0 0 0 0 0 0 632325 595475 649150 617675 0 
0 0 0 0 0 0 0 0 0 0 0 0 0 0 601800 0 0 0 0 0 641675 0 0 622050 0 0 637200 652025 0 0 0 0 658475 642150 623800 0 
0 0 0 0 0 0 0 0 0 0 0 0 0 0 648550 0 0 665775 0 0 0 642400 0 643025 0 0 0 656550 634800 0 0 0 657700 642300 638325 0 
0 0 0 0 646200 674525 0 0 0 0 647175 0 0 0 650925 0 641675 618250 0 0 0 0 628375 635850 0 0 0 0 624550 0 0 0 0 0 665475 643825 
0 0 0 0 0 0 0 0 0 0 0 0 0 0 634825 0 0 648550 0 0 0 0 0 0 0 0 0 0 0 0 0 0 0 0 0 643200 
