500 0 0 0 0 500 500 0 0 0 0 0 0 0 500 0 500 500 0 0 0 0 500 0 0 0 0 500 0 0 0 0 0 0 0 0 
500 500 0 0 0 0 0 0 0 0 0 0 0 0 500 0 500 0 0 0 0 0 500 0 0 0 0 500 0 500 0 0 0 0 0 0 
0 500 500 0 0 0 0 0 0 0 0 0 0 0 500 0 500 0 0 0 0 0 500 0 0 0 0 500 0 0 0 0 0 0 0 0 
0 0 500 500 0 0 0 0 0 0 0 0 0 0 500 0 500 0 0 0 0 0 500 0 0 0 0 500 0 0 0 0 0 0 0 0 
0 0 0 500 500 0 0 0 0 0 500 0 0 0 500 0 500 0 0 0 0 0 500 0 0 0 0 500 0 0 0 0 0 0 0 0 
0 0 0 0 500 500 0 0 0 0 0 0 0 0 500 0 500 0 0 0 0 0 0 0 0 0 0 500 0 0 0 0 0 0 0 0 
0 0 0 0 0 0 500 0 0 0 0 0 500 0 500 0 500 0 0 0 0 0 500 500 500 0 0 500 500 0 0 0 0 0 0 0 
0 0 0 0 0 0 0 500 0 0 0 0 0 0 500 0 500 0 500 0 0 0 500 0 0 0 0 500 0 0 0 0 0 0 0 500 
0 0 0 0 0 0 0 500 500 0 0 0 0 0 500 0 500 0 0 500 0 0 500 0 0 0 0 500 0 0 0 0 0 0 0 0 
0 0 0 500 0 0 0 0 500 500 0 0 0 0 500 0 500 0 0 0 500 0 500 0 0 0 0 500 0 0 0 0 0 0 0 0 
0 0 0 0 0 0 0 0 0 500 500 0 0 0 500 0 500 0 0 0 0 500 500 0 0 0 0 500 0 0 0 0 0 0 0 0 
0 0 0 0 0 0 0 0 0 0 500 500 0 0 500 0 500 0 0 0 0 0 500 0 0 0 0 500 0 0 0 0 0 0 0 0 
1475 1450 1400 1450 1425 0 1400 1400 1425 1450 1475 1425 1475 1450 500 1400 1425 1500 500 500 1450 1450 1400 1425 1500 1400 1475 1400 1350 1000 1450 1425 1425 1475 1425 0 
500 0 0 0 0 0 0 0 0 0 0 0 1400 500 500 0 500 0 0 0 0 0 500 0 500 0 0 500 0 0 0 0 0 0 0 0 
0 500 0 0 0 0 500 0 0 0 0 0 500 1450 500 500 500 0 500 0 0 500 500 0 0 500 500 500 0 500 0 0 500 0 0 0 
0 0 0 0 0 0 0 0 0 500 0 0 0 0 500 500 500 0 0 0 0 0 500 0 0 0 500 500 0 0 0 0 0 0 0 0 
0 0 0 0 0 0 0 0 0 0 0 0 0 0 500 500 500 500 0 0 0 0 500 0 0 0 0 500 0 500 0 0 0 0 0 0 
0 0 0 0 0 0 0 0 0 0 0 0 0 0 500 0 0 0 0 0 0 0 500 0 0 0 0 0 0 0 0 0 0 0 0 0 
0 0 0 0 0 0 0 0 0 0 0 500 0 500 500 0 500 0 500 0 0 0 500 0 0 0 0 500 0 0 0 0 0 0 0 500 
0 0 0 0 0 0 500 0 0 0 0 0 0 0 500 0 500 0 0 500 0 0 500 0 0 0 0 500 0 0 500 0 0 0 0 0 
0 0 0 0 0 0 0 0 0 0 0 0 0 0 500 0 500 0 0 0 500 0 500 0 500 0 0 500 0 0 0 500 0 0 0 0 
0 0 0 0 0 0 0 0 0 0 0 0 0 0 500 0 500 0 0 500 0 500 500 0 0 500 0 500 0 0 0 0 500 0 0 0 
0 0 0 0 0 0 0 0 0 0 0 0 0 0 500 0 500 0 0 0 0 0 500 0 0 0 500 500 0 500 0 0 0 500 0 0 
0 0 0 0 0 0 0 0 0 0 0 0 0 0 500 0 0 0 0 0 0 0 500 0 0 0 0 0 0 0 0 0 0 0 0 0 
0 0 0 0 0 0 500 0 0 0 0 0 0 0 500 0 500 500 0 0 0 0 500 0 500 0 0 500 0 0 0 0 0 0 0 0 
0 0 0 0 0 0 0 500 0 0 0 0 500 0 500 0 500 0 0 0 0 0 500 0 0 500 0 500 0 0 0 0 0 0 0 0 
0 0 0 0 0 0 0 0 500 0 0 0 0 0 500 0 500 0 0 0 0 0 500 0 500 0 500 500 0 0 500 0 0 0 0 0 
0 0 0 0 0 0 0 0 0 500 0 0 0 0 500 0 500 0 0 500 0 0 500 0 0 0 0 500 0 500 0 500 0 0 0 0 
0 0 0 0 0 0 0 0 0 0 500 0 0 0 500 0 500 0 0 0 0 0 0 0 0 0 0 500 500 0 0 0 500 0 0 0 
0 0 0 0 0 0 0 0 0 0 0 0 0 0 500 0 0 0 0 0 0 1000 500 0 0 0 1000 0 0 0 0 0 0 0 0 0 
0 0 0 0 0 0 0 0 0 0 0 0 500 0 500 0 500 0 0 500 0 0 500 500 0 0 0 500 0 0 500 0 0 0 0 0 
0 0 0 0 0 0 0 0 0 0 0 0 0 500 500 0 500 0 500 0 500 0 500 0 0 0 0 500 0 0 0 500 0 0 0 0 
0 0 0 0 0 0 0 0 0 0 0 0 0 0 500 0 500 0 0 500 0 0 500 0 500 0 0 500 0 0 0 0 500 0 0 0 
0 0 0 0 0 0 0 0 0 0 0 0 0 0 500 500 500 0 0 0 500 0 500 0 0 0 0 500 0 0 0 0 0 500 0 0 
0 0 0 0 0 0 0 0 0 0 0 0 0 0 500 0 500 0 0 0 0 500 0 500 0 0 0 975 0 0 0 0 1000 0 500 0 
0 0 0 0 0 0 0 0 0 0 0 0 0 0 500 0 0 0 0 0 0 0 500 0 0 0 0 0 0 0 0 0 0 0 0 0 
