6725 6775 6475 6800 6675 6450 6475 6425 6875 6400 6600 6400 6350 0 0 6525 6575 6250 0 6675 6650 0 0 0 6850 6575 6825 6750 6650 6375 0 0 
6525 6975 6775 6650 6800 6750 6625 6525 6600 6750 6725 0 6525 6450 6625 0 6675 6800 6625 6500 0 6325 6625 6175 6700 6500 6075 0 6775 6375 6550 6425 
6900 6425 6475 6675 6725 6450 6650 6575 6675 6850 6650 6475 6350 6425 6225 6500 6850 6475 6700 6800 0 6950 6625 6125 6900 6600 6725 6450 6675 0 6450 6800 
6825 6650 6450 6550 6475 6800 6475 6700 6600 6750 6600 6525 6550 6600 6525 6550 0 6875 6575 6850 6900 6750 6875 6475 6675 6475 6225 6625 0 0 6450 7025 
6500 6575 6475 6725 6575 6800 6775 6375 6425 6625 6600 6550 6350 6575 6975 6800 6400 6500 6600 6850 6300 6425 6575 0 6675 6650 6450 0 6475 6275 6950 6700 
6400 6350 6625 6750 6575 6750 6300 6825 6525 6650 6675 6425 6450 6525 6350 6500 6725 6850 6300 6575 6550 6375 6750 6625 6450 6525 6700 6400 6750 6825 6975 6525 
6925 6525 6825 6675 6900 6475 6700 6675 6300 6900 6725 6475 6475 6525 6775 6100 6450 6550 6750 6525 0 6600 6350 6825 0 6325 6600 6875 0 6625 6775 6700 
6725 6650 6150 6850 6450 6675 6450 6600 6300 6775 6725 6625 6425 6875 6700 6650 6750 0 6550 6650 6575 0 6800 6825 0 6075 6775 6575 0 0 6550 6875 
7075 6800 6375 6700 6925 6650 6400 6700 6900 6600 6475 6475 6325 7125 6050 6650 6675 6400 6525 6525 6750 6700 0 6600 6400 6675 6625 0 6600 6400 6550 6600 
6500 6700 6775 6725 6525 6650 6525 6750 6425 6475 6225 6650 6400 6600 6600 6500 6600 6350 6750 6625 6825 6600 6450 6650 6575 6575 6800 6525 6325 6600 6700 6625 
6650 6550 6775 6400 6875 6575 6700 6450 6875 6775 6725 6450 6625 6400 6425 6425 6700 6750 6450 6775 0 6575 6550 6450 6725 6475 7000 6625 6750 6650 6650 6525 
6650 6925 6400 6575 6675 6500 6450 6825 6775 6775 6700 6300 6925 6675 6625 6700 6450 6775 6750 6450 0 6375 0 6725 0 6700 6525 6300 0 6850 6750 6475 
6625 6575 6675 6500 6300 6825 6425 6475 6325 6700 6575 6475 6775 6375 6650 6450 6700 6475 6500 6725 6750 6725 6725 6475 6650 6700 6825 6575 6625 6450 6575 6475 
6425 6700 6675 6850 6525 6650 6625 6800 6550 6500 6575 6400 6750 6575 6525 6950 6500 6700 6800 6700 6400 6500 6575 6625 6650 6625 6825 6575 6850 6750 6425 6650 
6500 6750 6625 6700 6650 6350 6675 6775 6475 6775 6675 6300 6675 6525 6425 6800 6850 6550 6925 6225 6525 6575 6725 6600 6425 6525 6600 6500 6625 6825 6875 6575 
6500 6375 6600 6375 6375 6800 6500 6575 6975 6975 6450 6625 6800 6875 6450 6225 6575 6950 6675 6250 6525 0 6925 6400 6675 6350 6475 6675 6450 0 6750 6725 
6550 0 6750 6625 6925 6525 6550 6600 6950 6750 6500 6675 6625 6725 6700 6500 6675 6375 6775 6600 6475 6575 6850 6500 6450 6800 6425 6675 6750 6625 6750 6675 
6725 6425 6500 6750 6725 6825 6200 6575 6725 6500 6675 6625 6225 6675 6500 6675 6825 6575 6550 6725 6700 6475 6800 6600 6800 6900 6575 6825 6750 6750 6400 6325 
6775 6725 6500 6950 6825 6625 6550 6725 6600 6575 6800 6775 6625 6725 6775 6575 6750 6525 6750 6375 6725 6600 6650 6550 6800 6650 6575 6575 6625 6250 6525 6550 
6525 0 6225 6375 0 6650 6425 6700 6850 6900 6425 6900 6550 6150 6575 6625 6525 6825 6675 6575 6600 6775 6775 6650 6550 0 6850 6525 6675 0 6475 7000 
6550 0 0 6575 6625 6425 6675 6825 6475 6650 6325 6600 6450 6700 6600 6825 6750 6550 6750 6600 6700 6525 6500 6900 6575 6625 6450 6625 6650 6625 6475 6275 
6950 6425 6875 6475 6500 6450 6550 6250 6575 6675 6575 6450 6550 6700 6825 6500 6800 6750 6550 6350 6800 6600 6425 6450 6575 6675 6775 6350 6550 6350 6575 7075 
6550 6900 6825 6625 6625 6225 6700 6600 6675 6500 6250 6550 6550 6400 6550 6925 6525 6650 6675 6575 6325 6250 6575 6525 6525 6350 6750 6550 6650 6425 6800 6400 
6475 6800 6850 6475 6475 6425 6350 6125 0 0 6600 6725 6825 6600 6700 6400 6675 0 6775 6575 6700 6725 6800 6800 6625 6525 6600 6575 6400 6550 6950 6700 
6575 6625 6425 6550 6625 6325 6800 6350 6225 6600 0 6750 6775 6825 6400 6575 6825 6650 0 6700 6425 6400 6700 6400 6750 6625 6400 6650 6525 6950 6800 6800 
6675 6650 6650 0 6375 6575 6725 6475 6525 6725 6675 6525 6450 6500 6700 6775 6750 6700 6575 6775 6625 6600 6500 6275 6625 6900 7125 6675 6675 6800 6675 6600 
6850 6375 6675 0 6625 6825 6650 6525 6375 0 6425 6250 6825 6750 6400 6350 6575 0 6675 6700 6775 6625 6400 6675 6625 6550 6600 6575 6725 6775 6575 6850 
6700 0 6650 6500 0 6600 6550 6450 0 6600 0 6850 6650 6825 6525 6675 6650 6225 6600 6550 6700 6825 6850 6400 6650 6825 6550 6425 6725 6250 6525 6750 
6600 6600 0 0 6750 6525 6775 0 6900 0 0 0 6575 6525 6650 0 6675 6625 6700 6450 6575 6450 6775 6775 6225 6625 6625 6600 6575 6600 6550 6400 
0 6900 0 6350 6425 6650 0 6725 0 6800 6575 6700 6550 6525 6375 0 6500 6750 6575 6525 6650 6600 6525 6800 6700 6725 6350 6225 6300 6700 6600 6650 
6875 6625 6425 0 0 0 6775 0 6750 6700 6675 6175 0 6550 6550 6575 6700 6225 6625 6650 6525 6600 6600 6475 6500 6650 6950 6825 6450 6600 6950 6750 
6325 6400 6800 6375 6500 6450 6450 6500 0 6775 0 6750 0 6825 6675 6550 6500 6675 6775 6600 6675 6600 6750 6800 6850 6725 6700 6525 6625 6600 6700 6850 
