103750 100075 106925 0 108750 104175 102850 0 99150 105850 99800 0 0 107250 0 0 0 101650 104625 0 0 98600 0 0 0 0 0 0 0 0 0 0 
0 103475 107875 100275 100475 109850 101250 0 0 104525 100075 101400 104425 99375 105075 101900 100625 102125 101300 99525 102150 101675 108275 0 0 103250 97450 0 0 104325 0 104150 
102350 106675 0 0 0 95100 102200 101275 0 103250 98175 0 99075 104900 100750 104400 105300 99775 102975 105000 0 103175 98900 105125 102725 100200 101275 100525 104075 0 104075 0 
0 0 103425 0 0 102900 0 101550 0 0 0 93600 106850 0 99150 0 0 100000 104275 102750 0 0 0 101400 0 0 0 0 0 0 0 0 
100400 98875 103400 99525 101075 99825 103275 104900 101375 98975 108325 100725 102275 99925 105125 97400 102275 102550 102725 0 97425 101900 0 0 0 0 0 0 103575 0 103450 0 
99425 101900 0 102775 100450 104425 0 0 0 0 99325 0 102650 102525 103600 102675 98225 104650 101975 101800 100675 105300 0 104800 0 0 0 0 0 0 0 0 
0 0 0 0 0 102925 0 108025 104125 0 100975 100125 96000 102150 100025 104275 104950 106425 102400 0 105875 0 102450 0 0 0 0 0 0 0 0 0 
0 0 0 98400 104925 103725 105350 106600 102900 105950 103450 104975 102975 100900 101275 100700 100900 104400 103825 103125 103925 106500 0 102225 105575 103200 0 103250 0 0 0 96700 
101825 101950 101200 0 106125 99000 105200 104200 101825 103000 103300 101500 102575 101700 97925 104000 0 102675 104025 0 0 104800 0 0 0 0 0 0 97775 0 0 0 
0 106350 0 100575 96925 101925 101775 0 105250 102700 103450 99525 101275 105725 102975 98850 98750 103500 101150 103625 104575 100950 0 97775 0 107925 0 0 0 0 0 0 
0 0 0 0 0 0 0 0 99975 101850 105525 99900 0 98825 103850 105725 0 102800 104200 104200 0 96875 103625 101700 0 0 0 0 0 0 0 0 
0 0 0 0 98125 0 0 0 0 99550 0 104025 0 102225 99675 107025 0 103875 103150 101100 0 100725 0 104000 101125 0 103675 0 0 0 0 0 
0 104525 0 0 102000 101575 102450 102375 104350 0 0 0 100800 0 102275 106700 100700 110050 102975 101600 0 0 0 102000 0 0 0 0 0 0 0 0 
0 0 0 0 0 96825 0 102675 102025 103600 0 0 0 101700 99700 105250 98525 104225 100975 0 102525 103050 0 0 0 0 0 0 0 0 0 0 
0 101825 104575 99150 0 104500 104525 0 0 102300 100825 100125 104625 101000 101875 104450 0 101525 102425 105750 98575 0 98775 100500 0 0 104800 0 102975 101025 102100 95600 
0 0 0 0 0 0 0 101550 0 102925 102050 101100 0 101900 100575 95675 0 100950 98950 104150 0 0 101025 101225 0 0 0 0 0 0 99100 99750 
0 103650 105175 0 0 103775 104150 0 103675 99225 0 0 105475 0 103125 0 100650 102025 97625 103375 103725 0 103975 104975 103675 105550 0 0 0 102825 101350 0 
0 105000 0 0 98550 0 0 0 102625 105475 0 0 104875 103525 99725 0 98775 101950 101700 98950 101500 101925 104175 103275 0 102100 0 0 0 0 0 0 
0 0 0 0 0 0 0 0 0 0 104175 0 0 105250 98900 0 0 98075 108900 0 0 97800 107950 0 0 0 99225 0 0 0 106050 0 
0 0 103750 0 0 0 101150 100100 0 0 105075 0 0 103750 105400 104225 0 106950 100125 103675 0 99225 0 100925 0 0 0 0 0 0 0 99200 
0 0 0 0 0 0 0 0 0 0 0 0 101725 97500 0 0 100875 96525 100575 0 106225 99025 0 0 102025 0 0 0 101775 100800 0 0 
0 106225 0 0 103950 102875 0 103200 107000 102150 0 0 0 102050 0 0 101950 99500 99975 99100 105550 105825 0 0 0 100500 0 0 0 0 0 0 
0 0 0 0 0 0 0 0 0 0 102325 0 0 0 101000 101825 0 96775 98475 102700 99550 0 100850 100125 0 0 0 0 0 0 105450 0 
0 0 0 0 0 100000 103400 103625 0 109625 99700 105675 99375 99800 104925 101025 0 103375 102375 101700 101325 99950 0 98475 97050 100525 101175 101950 103950 107525 0 102325 
0 0 0 0 98800 0 0 0 101575 96975 104875 0 100125 106350 103150 102500 103400 101275 106025 104975 99300 101000 0 102350 102950 102275 0 106100 103225 0 0 0 
0 101025 0 0 0 0 96200 0 0 0 97575 0 0 101875 98575 101700 0 105925 103675 103125 96100 101975 104550 0 105300 101550 106725 0 103725 0 0 107025 
101800 0 0 0 0 0 0 0 0 0 103375 0 0 0 98625 0 0 108525 103125 102575 0 0 101325 103950 97825 0 0 102100 108075 0 105075 0 
0 0 0 0 0 0 0 0 0 0 106225 102125 0 103450 100950 105975 0 101550 101375 102000 0 99375 0 105375 0 101650 0 100900 0 0 0 0 
0 0 0 0 0 102625 104475 0 0 99150 106250 0 103200 101250 102125 99525 103400 107475 106400 101375 103225 104925 0 99275 102325 101500 102550 0 100650 101750 101475 103600 
0 101200 0 0 0 101600 0 0 0 0 104550 0 0 0 105800 0 0 101075 99975 103650 0 0 99350 107600 0 99225 104000 0 0 100225 0 103900 
0 0 101775 0 0 105025 99725 103975 102225 99500 107050 105300 97575 102350 104200 102925 0 102650 104800 104550 0 100900 0 102650 0 106150 106650 102925 105700 99950 106100 100800 
99575 0 0 107750 105050 0 0 99750 100600 0 105600 0 0 98850 102025 103050 0 100350 102175 102025 0 107075 0 98800 0 0 0 0 102475 0 106600 0 
