659700 655275 610350 617900 632300 646825 633800 665425 636175 640150 649300 636475 654400 630800 641700 657750 649425 638575 621800 636825 663650 664575 666200 636900 621825 693875 635000 625875 617600 620925 642850 648825 
658650 649775 0 0 0 651050 0 0 0 0 0 0 0 679900 0 0 0 0 0 0 0 654075 0 0 0 611475 0 0 0 685350 646175 0 
0 624100 623225 650150 0 0 626250 0 0 629475 624350 0 0 653900 647875 0 0 0 0 0 0 0 0 0 0 0 0 0 0 631975 631500 0 
0 0 612675 664225 0 0 0 0 0 0 651250 663475 0 657225 0 613200 0 0 0 0 0 0 0 0 0 0 0 0 0 0 0 0 
0 0 0 0 651700 0 0 657425 622900 0 612650 629775 0 654450 0 0 660725 0 0 0 0 0 0 0 0 662225 0 0 0 630400 0 0 
0 0 0 0 0 630300 636075 0 0 673600 624375 643000 0 665250 624700 0 0 0 0 0 0 0 0 0 0 0 0 0 0 0 0 0 
0 0 0 0 0 0 650900 0 0 0 0 0 0 605225 607825 614675 0 661550 631250 659725 0 0 0 663775 0 0 0 0 0 0 608050 0 
0 0 0 0 0 0 0 639925 0 0 0 666075 0 601600 0 627450 0 0 0 649475 651450 0 0 647350 0 0 0 0 0 656400 636850 0 
0 0 0 617525 0 0 657050 0 665625 627525 630450 0 0 626050 622625 0 621700 0 0 0 0 0 0 0 0 0 0 0 0 0 0 0 
0 647200 0 0 0 627725 647375 0 0 620675 622950 612250 0 644900 645875 0 0 0 0 0 0 0 0 0 0 0 0 0 0 0 0 0 
0 0 665925 652400 0 0 0 657675 0 0 638125 639350 0 642950 0 635600 0 0 0 0 0 0 0 0 0 623375 0 0 0 607800 0 0 
0 0 0 0 0 0 0 0 648100 0 623025 598925 0 628875 0 649475 0 0 0 630750 0 0 638825 631125 673950 0 643650 0 0 0 633250 0 
0 0 0 0 687150 0 0 0 635600 0 0 0 641250 643700 0 0 623575 0 0 0 659525 0 0 0 0 0 0 0 0 0 0 0 
637400 641775 624650 629700 627025 643375 663475 657525 640325 642475 663425 626650 619675 625400 622725 646300 631975 617750 613025 600075 632225 610225 653275 647125 620625 627450 655250 630500 615450 633475 643675 620875 
0 0 0 0 0 663775 673050 0 0 622050 0 0 0 628200 679675 639800 0 0 645225 652400 0 0 0 633950 0 0 0 0 0 0 640000 0 
0 0 0 0 0 0 0 0 0 0 0 0 667675 626675 652300 636025 0 0 0 0 0 0 0 632025 0 0 596350 0 619675 0 642050 0 
0 0 0 0 0 0 0 0 0 0 0 0 665700 680700 0 0 629075 0 643500 664075 623575 0 0 0 0 0 0 0 0 0 0 0 
0 0 0 0 0 0 0 0 629025 641300 0 0 0 646675 0 0 630975 657775 0 0 0 0 0 0 0 636550 0 0 0 621950 623050 0 
640125 0 0 626175 632350 0 0 0 0 0 0 0 0 633225 0 0 644550 0 626275 581875 0 0 0 0 0 0 0 0 633850 0 670450 0 
0 0 0 0 0 0 0 631225 0 0 0 667075 0 640425 0 630450 0 640175 0 637850 0 637325 0 629900 0 0 0 0 0 0 633125 0 
651550 0 0 0 0 0 0 0 0 0 0 0 0 621025 0 626325 0 0 0 647725 655450 650350 0 645750 0 631150 0 0 0 630500 636000 0 
0 0 0 0 0 0 0 0 0 0 0 0 0 665650 657125 0 0 623075 621450 623225 0 639775 0 621750 0 0 0 0 0 0 640125 0 
0 0 0 0 0 0 0 0 0 0 628800 657450 0 628475 0 633800 0 0 0 622500 0 0 627450 657975 0 0 0 0 0 0 677750 0 
0 0 0 0 0 0 0 0 0 0 0 627650 0 634475 0 667900 0 0 0 0 0 622700 656575 647475 0 621200 637275 0 0 0 0 632300 
0 0 0 0 0 0 0 0 634525 0 0 0 652550 650600 0 663350 0 0 0 643500 0 0 0 666150 630825 0 656000 0 673275 0 641025 0 
0 633600 0 0 0 0 0 0 0 0 0 0 0 658125 0 0 0 666400 0 0 0 0 0 0 0 679925 0 0 0 661925 658250 0 
0 0 0 0 0 0 0 0 0 0 0 0 0 677425 0 620500 0 0 0 0 0 0 647800 638600 686975 0 650300 629650 0 0 650075 0 
0 0 0 0 0 0 0 0 0 0 0 0 0 664400 0 627000 0 0 0 0 0 0 0 0 0 0 0 610725 0 0 0 0 
0 0 0 0 0 0 0 0 0 0 0 0 0 613650 0 662775 0 0 0 0 0 0 0 0 632525 0 0 627700 668625 0 654100 0 
0 0 0 0 0 0 0 0 0 0 0 0 0 654625 0 0 0 0 0 0 0 626350 0 673375 0 579200 0 0 653975 649325 643475 0 
0 0 653825 0 0 0 0 0 0 0 0 630625 0 647700 0 671600 0 0 0 0 0 0 641800 0 0 0 629700 0 0 0 657400 666500 
0 0 0 0 0 0 0 0 0 0 0 0 0 672250 0 0 0 0 0 0 0 0 0 0 0 0 0 0 0 0 0 667800 
