665800 621425 641500 651300 625625 646175 643900 663125 681850 661225 645950 650550 630025 614550 644250 646775 671500 630050 650450 642875 598275 649000 616250 660500 656325 648100 605650 610800 646275 653425 642100 654550 
665800 613150 0 632700 0 617050 0 0 0 639325 0 0 0 652950 0 620250 0 654750 0 647700 647275 629025 0 0 0 664300 0 0 0 635950 628775 0 
607850 641675 635450 639350 0 629975 0 0 0 654650 648825 0 0 652575 623700 653650 0 0 653200 677900 0 0 660850 675725 0 603000 655275 0 0 614100 665175 0 
0 0 606575 615875 0 0 0 0 0 0 614050 647450 0 637025 0 639775 0 0 674025 652950 0 0 0 661550 0 0 0 0 0 0 667100 0 
625400 0 0 0 574275 0 0 636200 638175 641550 627825 626750 0 638000 0 648525 618600 0 598300 0 0 0 0 0 0 642575 0 0 0 632725 651800 0 
0 0 0 0 0 652625 0 0 0 643575 0 649400 0 626650 626750 620675 0 0 605425 648525 0 0 0 642875 0 0 636950 0 0 683725 649675 0 
0 0 0 0 0 669525 631450 0 0 636600 651400 0 0 630250 618525 624625 0 616875 652200 627525 0 0 605700 594675 0 0 0 0 0 0 631400 0 
0 0 0 0 647150 0 0 639850 632325 0 0 627750 0 642525 0 646575 0 0 0 639575 638900 0 0 644000 0 0 0 647550 0 637650 640925 0 
666000 0 0 643125 0 0 0 648975 657575 659925 642325 656800 0 629700 645125 638075 634500 0 628200 654075 673975 0 0 666950 618050 0 0 0 0 641650 636000 0 
0 670250 0 639875 0 657000 0 0 0 636575 0 652675 0 630275 669875 664450 0 0 0 648500 0 0 0 633500 660675 612550 0 0 0 615925 622325 0 
0 0 641775 646925 636200 0 0 620075 0 0 613550 642650 0 642525 0 651825 0 0 0 603975 0 0 0 640325 0 644950 0 0 0 624800 631900 0 
0 0 0 0 0 0 0 0 634425 0 650900 625450 631425 650250 612750 642325 0 0 662175 622975 651700 0 606600 641725 629950 0 615100 0 0 0 621525 0 
0 0 0 0 649625 0 0 0 631300 649700 0 636650 630200 623000 0 651800 637000 0 607825 673000 592550 0 0 0 0 0 0 0 632525 610725 654400 0 
675500 642400 611725 609975 660600 638525 636325 643200 677200 620450 615800 619875 610000 643975 656575 640375 664100 619825 632400 666725 632975 621175 641650 656675 683325 641400 632475 637250 656050 615750 619475 645100 
0 0 0 0 0 649525 0 0 0 629975 679800 634475 0 637125 648375 626525 0 0 613825 641775 0 0 619350 622600 0 0 0 0 0 0 652150 0 
0 0 0 0 0 0 0 672000 0 0 0 0 656275 649325 630475 632225 648925 0 0 0 643525 0 0 657400 636725 658275 632000 642625 654025 639825 610500 0 
0 0 0 0 0 0 0 0 0 0 0 0 638950 611925 0 658625 602500 0 656450 618550 663325 0 0 620750 0 0 0 0 0 614125 620550 0 
0 0 0 0 0 0 0 0 625075 673450 0 617975 0 614725 0 593300 637200 636775 664775 655175 650725 638850 0 663750 0 618600 0 0 640725 624475 606425 606675 
640825 637850 0 658450 655625 0 0 0 0 0 0 0 639575 659450 0 0 650050 0 628750 647475 0 0 653550 634825 0 0 0 0 656900 634850 614025 0 
0 0 652700 0 0 0 0 627900 0 0 0 641275 0 636925 0 645700 0 676325 0 611500 0 633275 617475 627150 0 0 0 0 0 0 646250 0 
626025 648275 0 0 632775 0 0 0 641700 0 0 0 0 650125 0 658750 0 636925 0 631500 639500 635175 0 630400 0 643725 0 0 0 654700 631075 619375 
0 0 0 0 0 666500 0 0 0 618775 0 0 0 611375 657150 601950 0 671875 663275 652725 0 642050 627800 637350 593475 0 0 0 0 0 605300 0 
0 0 0 0 0 0 0 0 0 0 637500 630750 0 638700 626850 651025 0 0 631675 633700 0 0 648700 626050 0 0 653600 0 0 0 638900 0 
596775 0 0 0 0 0 0 0 0 0 0 640800 0 637275 0 638825 0 0 0 0 0 627300 664475 637625 0 658975 647925 0 0 625775 657925 655650 
0 0 0 0 0 0 0 0 643550 0 0 0 608225 625950 0 610625 654450 0 0 661050 627150 0 0 654675 627300 664700 652325 0 614775 0 602250 0 
0 627900 0 0 0 631700 0 0 0 653375 0 0 0 622200 0 0 0 661725 644325 0 0 642475 625775 0 0 662600 624200 0 0 652100 647725 0 
0 0 0 0 0 0 0 0 0 0 0 0 0 639900 0 653725 0 0 0 0 0 0 658200 661700 630175 0 621500 607100 0 0 643400 0 
0 0 0 0 0 0 0 0 0 0 0 0 0 619550 0 637950 0 0 0 0 0 0 0 0 0 0 0 644300 0 0 0 601650 
0 0 0 0 0 0 0 0 0 0 0 0 0 623400 0 623300 0 0 0 0 0 0 0 0 672675 0 621475 634600 647025 645150 618500 0 
0 0 0 0 0 0 0 0 0 0 0 0 0 627250 0 0 0 0 0 0 0 646950 0 627625 0 630775 0 0 664175 656050 639875 0 
0 0 633375 644325 0 0 0 0 0 0 0 622650 0 667925 0 637475 0 0 623525 0 0 0 640350 631725 0 0 647900 0 0 0 643425 641000 
0 0 0 0 0 0 0 0 0 0 0 0 0 619300 0 657975 0 0 0 646075 0 0 0 0 0 686100 0 0 0 0 0 655425 
