655550 623350 651600 683675 612700 628550 635800 659775 635925 635800 610200 621375 633600 658225 649275 619225 635975 654700 630000 623200 632700 618975 635725 637550 632175 631975 651875 660575 615175 644950 624575 636775 665850 665650 649625 628075 645400 653250 633450 639675 650500 603450 625025 654900 651600 658700 674675 640050 610425 624125 659400 661350 601900 644150 633700 619375 631750 642150 634025 644600 621425 620400 656475 621650 629850 611450 639950 669975 632900 591775 621550 627575 631725 637625 618600 620975 648850 619575 656550 652200 636425 642300 627275 664425 628750 665975 624725 653800 644300 618625 651700 635625 637750 610150 633100 650250 655375 655100 630925 642525 643425 650825 664650 626625 712725 624800 650200 630725 656800 646750 638975 640825 630775 620050 652050 655750 617125 660300 618225 649200 616700 652700 639075 638050 674475 623250 606000 614075 
0 642850 0 0 0 0 0 614700 0 638875 0 0 0 0 0 0 0 0 0 636225 0 0 0 0 0 0 0 0 0 0 0 0 0 0 0 0 0 0 0 0 0 0 0 0 0 0 0 0 0 0 0 0 0 0 0 0 0 0 0 651475 0 0 0 0 0 0 0 0 0 0 0 0 0 0 0 0 0 0 0 0 0 0 0 0 0 0 0 0 0 0 0 0 0 0 0 0 0 0 0 0 0 0 0 0 0 0 0 0 0 0 0 0 0 0 0 0 0 0 0 0 0 0 0 0 0 0 626450 0 
0 0 647225 0 0 634350 0 0 0 0 0 0 0 0 0 0 0 637000 0 0 0 0 0 0 0 634500 0 0 0 0 0 0 0 0 0 0 0 0 0 0 0 0 0 0 0 0 0 0 0 0 0 0 0 0 0 0 0 0 0 641050 0 0 0 0 0 0 0 0 0 0 0 0 0 0 0 0 0 0 0 0 0 0 0 0 0 0 0 0 0 0 0 0 0 0 0 0 0 0 0 0 0 0 0 0 0 0 0 0 0 0 0 0 0 0 0 0 0 0 0 0 604725 0 598050 0 0 0 0 0 
0 0 0 669650 0 0 0 0 0 0 0 0 0 0 0 0 0 0 0 0 660875 0 0 0 0 0 0 0 0 0 0 0 0 0 0 0 0 0 0 0 0 0 0 0 0 0 0 0 0 0 0 0 0 0 0 0 0 0 0 630550 0 0 0 0 0 0 0 0 0 0 0 0 0 0 0 0 0 0 0 0 0 0 0 0 0 0 0 0 0 0 0 0 0 0 0 0 0 0 0 0 0 0 0 0 0 0 620150 0 0 0 0 0 0 0 0 0 0 0 0 0 0 0 0 0 0 0 0 0 
0 0 0 0 627075 0 636925 0 0 0 0 0 0 0 0 0 0 0 0 0 0 0 0 0 0 0 0 0 0 0 0 0 0 0 0 0 0 0 0 0 0 657725 0 0 0 0 0 0 0 624850 0 0 0 0 0 0 0 0 0 633025 0 0 0 0 0 0 0 0 0 0 0 0 0 0 0 0 0 0 0 0 0 0 0 0 0 0 0 0 0 0 0 0 0 0 0 0 0 0 0 0 0 0 0 0 0 0 0 0 0 0 0 0 0 0 0 622675 628900 665450 0 0 0 0 0 0 0 0 0 0 
0 660125 0 0 630150 658375 0 641000 0 0 0 0 607150 0 0 0 0 0 0 0 0 0 0 0 0 0 0 0 0 0 0 0 0 0 0 0 0 0 0 0 0 0 0 0 0 0 0 0 0 0 0 0 0 0 0 653225 0 0 0 643025 0 0 0 0 0 0 0 0 0 0 0 0 0 0 0 0 0 0 0 0 0 0 0 0 0 0 0 0 0 0 0 0 0 0 0 0 0 0 0 0 0 0 0 655175 0 0 0 0 0 0 0 0 0 0 0 0 0 0 0 0 0 0 0 0 0 0 0 0 
0 0 631000 0 0 654625 636775 0 0 611025 0 0 0 0 0 673225 0 0 0 0 0 0 0 0 0 0 0 0 0 0 0 0 0 0 0 0 0 0 0 0 0 0 0 0 0 0 0 0 0 0 0 0 0 0 0 0 0 0 0 628100 0 0 0 0 0 0 0 0 0 0 0 0 0 0 0 0 0 0 0 0 0 0 0 0 0 0 0 0 0 0 0 0 0 0 0 0 0 0 0 0 0 0 0 0 0 0 0 0 0 0 0 0 0 0 0 0 0 0 0 0 0 0 0 0 0 0 0 0 
0 0 0 0 667350 0 626050 624775 0 0 0 0 0 666050 0 0 0 0 0 0 0 0 0 621850 0 0 0 0 0 0 0 0 0 0 0 0 0 0 0 0 0 0 0 0 0 0 0 0 0 0 0 0 0 0 0 0 0 0 0 607075 0 0 0 0 0 0 0 0 0 0 0 0 0 0 0 0 0 0 0 0 0 0 0 0 0 0 0 0 0 0 0 0 0 0 0 0 0 0 0 0 0 0 0 0 0 0 0 0 0 0 0 0 0 0 0 0 0 0 0 0 0 0 0 0 0 0 0 0 
0 0 0 0 0 0 0 648850 629250 0 0 0 0 0 0 0 669400 0 0 0 0 0 0 0 638000 0 612350 0 0 0 0 0 0 0 0 0 0 0 0 0 0 0 0 0 0 0 0 0 0 0 0 0 0 0 0 0 0 0 0 639625 0 0 0 0 0 0 0 0 0 0 0 673275 0 0 0 0 0 0 0 610150 0 0 0 0 0 0 0 0 0 0 0 0 0 0 0 0 0 0 0 0 0 0 0 659625 0 0 0 0 0 0 0 630725 0 0 0 0 0 0 0 0 0 0 0 0 0 623075 587850 0 
0 0 0 0 0 0 0 0 0 641900 0 0 613000 0 0 640600 0 625625 0 0 0 0 0 0 0 0 0 0 0 0 0 638125 0 0 0 0 0 0 0 0 0 0 0 0 0 0 0 669900 0 0 0 0 0 0 0 622300 0 0 0 636150 0 0 0 652350 0 0 0 0 0 0 0 614250 0 0 0 0 0 0 0 0 0 0 0 0 0 0 0 0 0 0 0 0 0 0 0 0 0 0 0 0 0 0 0 0 0 0 0 0 0 0 0 0 0 0 0 0 0 0 0 0 0 0 0 0 0 0 0 0 
0 0 0 0 0 0 0 0 0 0 630925 0 0 0 0 0 0 0 0 0 0 0 0 0 0 0 0 612150 0 0 0 0 0 0 0 0 0 0 0 0 0 0 0 0 0 0 0 0 0 0 0 0 0 0 0 0 0 0 0 658725 0 0 0 0 0 0 0 0 0 0 0 0 0 0 0 0 0 0 0 0 0 0 0 0 0 0 0 0 0 0 0 0 0 0 0 0 0 0 0 0 0 0 0 0 636875 0 0 0 0 0 0 0 0 0 0 0 0 0 0 0 672350 0 0 0 0 0 0 0 
0 0 636350 0 0 0 0 0 0 0 0 653600 0 628825 0 0 0 0 0 0 0 0 0 0 0 0 0 0 0 0 0 0 0 0 0 0 0 0 0 0 0 0 0 0 0 0 0 0 615625 0 0 0 0 0 0 0 636800 0 0 638575 0 0 0 0 0 0 0 0 0 0 0 0 0 0 0 0 0 0 0 0 0 0 0 0 0 0 0 0 0 0 0 643525 0 0 0 0 0 0 0 0 0 0 0 0 0 0 0 0 0 0 0 0 0 0 0 0 0 0 0 0 0 0 0 0 0 0 0 0 
0 0 0 615775 0 0 0 0 0 0 0 664625 648700 0 649100 0 0 0 0 0 0 0 0 618675 0 0 0 0 0 0 0 649625 0 0 0 0 0 0 0 0 0 0 0 0 0 0 0 0 0 0 0 0 0 0 641375 0 0 0 0 652225 0 0 623525 0 0 0 0 0 0 0 627125 0 0 0 0 0 0 0 0 0 0 0 0 0 0 0 0 0 0 0 0 0 0 0 0 0 0 0 0 0 0 0 0 0 0 0 0 0 0 0 0 0 0 0 0 0 0 0 0 0 0 0 0 0 0 0 0 0 
0 0 0 0 0 0 0 637625 668550 0 0 0 0 640925 0 0 0 0 0 0 0 0 663700 0 0 0 0 0 0 0 0 0 0 0 0 0 0 0 0 654400 0 0 0 0 0 0 0 619875 0 0 0 0 0 0 0 635000 0 617225 0 673975 0 0 0 0 0 0 0 0 0 0 0 580300 0 0 0 0 0 0 0 636550 0 0 0 0 0 0 0 0 0 0 0 0 0 0 0 0 0 0 0 0 0 0 0 0 0 0 0 0 0 0 0 0 0 0 0 0 0 654825 0 0 0 0 0 0 0 0 0 0 
0 0 0 0 0 0 0 0 0 0 0 612925 657525 0 628050 0 0 0 0 0 0 0 0 0 0 0 0 0 0 0 635000 0 0 0 0 0 629975 0 0 0 0 0 0 0 0 0 0 0 0 0 0 0 0 0 0 0 0 0 0 641450 0 0 0 0 0 0 0 0 0 0 0 0 0 0 0 0 0 0 0 0 0 0 0 0 0 0 0 0 0 0 0 0 0 0 0 0 0 0 0 0 0 0 0 0 0 0 0 0 0 0 0 0 0 0 0 0 0 0 0 0 0 0 0 0 0 0 0 0 
0 0 0 0 0 0 0 0 0 0 0 0 0 0 0 633025 0 623700 0 0 0 0 0 0 0 0 0 0 0 0 0 641475 0 0 0 0 0 0 0 0 0 0 0 0 0 0 0 0 0 0 0 0 0 0 0 0 0 0 0 660150 0 0 0 0 0 0 0 0 0 0 0 0 0 0 0 0 0 0 0 0 0 650550 0 0 0 0 0 0 0 0 0 0 0 0 0 0 0 0 0 0 0 0 0 0 0 0 0 0 0 0 0 0 0 0 0 0 0 0 0 0 0 0 0 0 0 0 0 0 
0 0 0 0 0 625475 0 0 0 0 0 0 0 0 0 0 631525 0 0 0 0 0 0 645975 638725 0 0 0 0 0 0 621575 622825 0 0 0 0 0 0 0 0 0 0 0 0 0 0 623975 636975 0 0 0 0 0 0 638275 0 0 0 624975 0 0 0 656400 0 0 0 0 0 0 0 0 0 0 0 0 0 0 0 0 0 0 0 0 0 0 0 0 0 0 0 0 0 0 0 0 0 0 0 0 0 0 0 0 0 0 0 0 0 0 0 0 0 0 0 0 0 0 0 0 0 0 0 0 0 0 0 0 
0 0 0 0 0 0 0 0 0 0 0 0 0 0 633275 0 0 646375 0 0 0 0 654050 647950 0 634450 0 0 0 0 0 0 0 639475 628275 0 0 0 0 0 0 0 0 0 0 0 0 0 0 0 0 0 0 0 0 0 0 0 0 606175 0 0 0 0 0 0 0 0 0 0 0 0 0 0 0 0 0 0 0 0 0 0 0 0 0 0 0 0 0 0 0 0 0 0 0 0 0 0 0 0 0 0 0 0 0 0 0 0 0 0 0 0 0 0 0 0 0 0 0 0 0 0 0 0 0 0 0 0 
0 0 0 0 0 0 0 0 0 0 0 0 0 0 0 0 0 0 618975 0 0 0 0 0 0 0 0 0 0 0 0 0 0 0 0 0 0 0 0 0 0 0 652700 0 0 0 0 0 0 0 0 0 0 0 0 0 0 0 0 649100 0 0 0 0 0 0 0 0 0 0 0 0 0 0 0 0 0 0 0 0 0 0 0 0 0 0 0 0 629625 0 0 0 0 0 0 0 0 656875 0 0 0 0 0 0 638575 0 0 0 0 0 0 0 0 0 0 0 0 0 0 0 0 0 0 0 0 0 0 0 
0 0 0 0 0 0 0 0 0 0 0 0 0 0 0 0 0 0 617150 662975 0 652000 0 0 0 0 0 669975 0 0 0 0 0 0 0 0 0 0 0 0 0 0 0 0 0 0 0 0 0 0 0 0 637900 0 0 0 0 0 0 646025 609300 0 0 0 0 0 0 0 0 0 0 0 0 0 0 0 0 0 0 0 0 0 0 0 0 0 0 0 0 0 0 0 0 0 0 0 0 0 0 0 0 0 0 0 0 0 0 0 0 0 0 0 0 0 0 0 0 0 0 0 0 0 0 0 0 0 0 0 
0 0 0 0 0 0 0 0 0 0 0 0 0 634625 0 0 0 0 0 0 644350 0 0 0 0 0 0 0 0 616775 0 0 0 0 0 634000 0 0 0 0 0 0 0 650725 0 0 0 0 0 0 0 0 0 0 0 0 0 0 0 627625 0 0 0 0 0 0 0 0 0 649625 0 0 0 0 0 0 0 0 0 0 0 0 0 0 0 0 0 0 0 0 0 0 0 0 0 0 0 0 0 0 0 0 0 0 0 0 0 0 0 0 0 0 0 0 0 0 0 0 0 0 0 0 0 0 0 0 0 0 
0 0 0 0 0 0 0 0 0 0 0 0 0 0 0 0 0 0 0 0 613600 635050 0 633500 0 0 0 0 0 0 0 649700 0 0 0 0 0 622900 0 619725 0 0 0 0 0 0 0 0 0 0 0 0 0 0 0 0 0 0 0 630350 0 0 671950 0 0 0 0 0 0 0 639050 0 0 0 0 0 0 0 0 0 0 0 0 0 0 0 0 0 0 0 0 0 0 0 0 0 0 0 0 0 0 0 0 0 0 0 0 0 0 0 0 0 0 0 0 0 0 0 0 0 0 0 0 0 0 0 0 0 
0 0 0 0 0 0 0 609000 0 0 0 0 0 0 0 0 665275 0 0 0 0 641775 668525 0 0 0 0 0 0 0 0 0 0 0 0 0 0 0 638425 644825 0 0 0 0 0 0 0 632025 0 0 0 0 0 0 0 657800 0 0 0 658450 0 0 0 0 0 0 0 0 0 0 0 629975 0 0 0 0 0 0 0 0 0 0 0 0 0 0 0 0 0 0 0 0 0 0 0 0 0 0 0 0 0 0 0 647400 0 0 0 0 0 0 0 0 0 0 0 0 0 0 0 0 0 0 0 0 0 0 0 0 
0 0 0 0 0 0 0 0 0 0 0 0 0 0 0 0 0 0 0 630125 0 648275 0 621850 0 0 0 0 0 0 0 0 0 0 0 0 0 0 0 633300 0 0 0 0 0 648375 0 0 0 0 0 0 0 0 0 0 0 0 0 664250 0 0 0 0 0 0 0 0 0 0 0 0 0 0 0 0 0 0 0 0 0 0 0 0 0 0 0 0 0 0 0 0 0 0 0 0 0 0 0 0 0 0 0 0 0 0 0 0 0 0 0 0 0 0 0 0 0 0 0 0 0 0 0 0 0 0 0 0 
647175 0 0 0 0 0 0 0 0 0 0 0 0 0 0 0 0 0 0 0 0 0 0 0 637300 0 0 0 0 0 0 0 632950 0 0 0 0 0 0 0 654775 650275 0 0 0 0 641425 0 0 0 0 0 0 0 636800 0 0 0 0 606850 0 0 624725 0 0 0 0 0 0 0 0 0 0 0 0 0 0 0 0 0 0 0 0 0 0 0 0 0 0 0 0 0 0 0 0 0 0 0 0 0 0 0 0 0 0 0 0 0 0 0 0 0 0 0 0 0 0 0 0 0 0 0 0 0 0 0 0 0 
0 0 0 0 0 0 0 0 0 0 0 0 0 0 0 0 0 0 0 0 0 0 631175 0 0 620100 0 0 0 0 641600 0 0 639675 0 0 0 0 0 0 0 643300 0 0 0 0 0 0 0 646800 0 0 0 0 0 0 0 0 0 644650 0 0 0 0 0 0 0 0 0 0 0 0 0 0 0 0 0 0 0 0 0 0 0 0 0 0 0 0 0 0 0 0 0 0 0 0 0 0 0 0 0 0 0 0 0 0 0 0 0 0 0 0 0 0 0 0 0 0 0 0 0 0 0 0 0 0 0 0 
0 0 0 0 0 0 0 0 0 0 0 0 0 0 0 0 0 0 0 0 0 0 0 0 0 0 642175 0 649400 0 0 0 0 0 0 0 0 0 0 0 0 0 0 0 0 0 0 0 0 0 0 0 0 0 0 0 0 0 0 650350 0 0 0 0 0 0 0 0 0 0 0 0 0 0 641700 0 0 0 0 0 633625 0 0 0 0 0 0 0 659100 0 0 0 0 0 0 0 0 0 0 0 0 0 0 0 0 0 0 0 0 0 0 0 0 0 0 0 0 0 0 0 0 0 0 0 0 0 0 0 
0 0 0 0 0 0 0 0 0 0 0 0 0 0 0 0 0 0 0 0 0 0 0 0 0 0 0 624075 631600 0 0 0 0 0 0 651475 656675 0 0 0 0 0 0 0 0 0 0 0 0 0 0 0 0 0 0 0 0 0 0 623100 0 0 0 0 0 0 0 0 0 0 0 0 0 0 0 0 0 0 0 0 0 0 0 0 0 0 0 0 0 0 0 0 0 0 0 0 0 0 0 0 0 0 0 0 0 0 0 0 0 0 0 0 0 0 0 0 0 0 0 0 0 0 0 0 0 0 0 0 
0 0 0 0 0 0 0 0 0 0 0 0 0 0 0 0 0 0 0 0 0 0 0 0 0 0 0 0 635150 636975 639275 0 0 0 0 0 0 0 0 0 0 0 0 0 662900 0 0 0 0 0 0 640375 0 0 0 0 0 0 0 631750 0 0 0 0 0 0 0 0 0 0 0 0 0 0 633175 0 0 0 0 0 0 0 0 0 0 0 0 0 0 0 0 0 0 0 0 0 0 0 0 0 0 0 0 0 0 0 0 0 0 0 0 0 0 0 0 0 0 0 0 0 0 0 0 0 0 0 0 0 
0 0 0 0 0 0 0 0 0 0 0 0 0 0 0 0 0 0 0 0 0 0 0 0 672400 0 0 0 0 638425 0 635350 0 0 0 0 0 0 657900 0 0 0 0 0 0 631900 636800 0 0 0 0 0 0 0 0 0 0 0 0 610050 0 0 0 0 0 0 0 0 0 0 0 0 0 651225 618275 632200 0 0 0 0 0 0 0 0 0 0 0 0 0 0 0 0 0 0 0 0 0 0 0 0 0 0 0 0 0 0 0 0 0 0 0 0 0 0 0 0 0 0 0 0 0 0 0 0 0 0 0 0 
0 0 0 0 0 0 0 0 0 0 0 0 0 0 0 0 0 0 0 0 0 0 0 0 0 0 0 0 0 0 607275 0 0 0 0 0 0 626675 0 0 0 0 0 0 0 0 656350 0 0 0 0 0 0 0 0 0 0 0 0 664250 0 0 0 0 0 0 0 0 0 0 0 0 0 0 0 0 685100 0 0 0 0 0 0 0 0 0 0 0 0 0 0 0 0 0 0 0 0 0 0 0 0 0 0 0 0 0 0 0 0 0 0 0 0 653175 0 0 0 0 0 0 0 646350 0 0 0 0 0 0 
0 0 0 0 0 0 0 0 0 0 0 0 0 0 0 0 0 0 0 0 0 0 0 0 0 0 0 0 0 0 0 639500 0 0 0 0 0 0 0 0 0 0 0 0 0 0 0 629300 0 0 0 0 0 0 0 631325 0 0 0 636850 0 0 0 0 0 0 0 0 0 0 0 617850 0 0 0 0 0 0 0 651975 0 0 0 0 627475 0 0 0 0 0 633925 0 0 0 0 657450 0 0 0 0 0 0 0 631100 0 0 0 0 0 0 0 632925 0 0 0 0 0 0 0 0 0 0 0 0 0 0 0 0 
0 0 0 0 0 0 0 0 0 0 648725 0 0 0 0 0 0 0 0 0 0 0 0 0 0 0 0 0 0 0 0 0 650350 0 0 0 0 0 621100 0 637200 0 0 0 0 0 0 0 622175 0 0 0 0 638575 0 0 624550 0 0 653050 0 0 0 0 0 0 0 0 0 0 0 0 0 0 0 0 0 0 0 0 0 0 0 0 0 0 0 0 0 0 0 0 0 0 0 0 0 0 0 0 0 0 0 0 0 0 0 0 0 0 0 0 0 0 0 0 0 0 0 0 0 0 0 0 0 0 0 0 
0 0 0 0 0 0 0 0 0 0 0 0 0 0 0 0 0 0 0 0 0 637200 0 0 0 0 0 0 0 0 0 0 0 626775 611050 633025 0 0 646100 0 0 0 0 0 0 0 0 0 0 0 0 0 0 0 0 0 0 0 0 625575 0 0 0 0 0 0 0 0 0 0 0 0 0 0 0 0 0 0 0 0 0 0 0 0 0 0 0 0 0 0 0 0 0 0 0 0 0 0 0 0 0 0 0 0 0 0 0 0 0 0 0 0 0 0 0 0 0 0 0 0 0 0 0 0 0 0 0 0 
0 0 0 0 0 0 0 0 0 0 0 0 0 0 0 0 0 0 0 0 0 0 0 0 0 0 0 0 0 0 0 0 645050 0 615725 0 0 0 0 0 0 0 0 625075 0 0 0 0 0 0 663500 613875 0 0 0 0 0 0 626850 643275 0 0 0 0 0 0 0 0 0 0 0 0 0 0 0 0 0 0 0 0 0 0 0 0 0 0 0 0 0 0 0 0 0 0 0 0 0 0 0 0 0 0 0 0 0 0 0 0 0 0 0 0 0 0 0 0 0 0 0 0 0 0 0 0 0 0 0 0 
0 0 0 0 0 0 0 0 0 0 0 0 0 0 0 0 0 0 0 0 650800 0 0 0 0 0 0 644650 643175 0 0 0 0 0 0 622725 642850 0 0 0 0 0 0 0 0 0 0 0 0 0 0 617175 0 0 0 0 0 0 0 643525 0 0 0 0 0 0 0 0 0 0 0 0 0 0 0 0 0 0 0 0 0 0 0 0 0 0 0 0 0 0 0 0 0 0 0 0 0 0 0 0 0 0 0 0 0 0 0 0 0 0 0 0 0 0 0 0 0 0 0 0 0 0 0 0 0 0 0 0 
0 0 0 0 0 0 0 0 0 0 0 0 0 0 0 0 0 0 0 0 658600 0 0 0 0 0 0 0 0 638450 0 0 0 0 0 0 631375 658750 0 0 0 0 0 0 0 0 0 0 0 0 0 0 600400 0 0 0 0 0 0 644825 0 0 0 0 0 0 0 0 0 0 0 0 0 0 0 0 0 0 0 0 0 0 0 0 0 0 0 0 0 0 0 0 0 0 0 0 0 0 0 0 0 0 0 0 0 0 0 0 0 0 0 0 0 0 0 0 0 0 0 0 0 0 0 0 0 0 0 0 
0 0 0 0 0 0 0 0 0 0 0 0 0 0 0 0 0 0 0 0 0 0 0 0 0 0 0 0 0 675700 629825 0 0 0 0 0 0 625550 0 0 0 0 0 0 0 0 647200 0 0 0 0 0 0 630700 0 0 0 0 0 681350 626075 0 0 0 0 0 0 0 622175 0 0 0 0 0 0 0 0 0 0 0 0 0 0 0 0 0 0 0 0 0 0 0 0 0 0 0 0 0 0 0 0 0 0 0 0 0 0 0 0 0 0 0 0 0 0 0 0 0 0 0 0 0 0 0 0 0 0 0 
0 0 0 0 0 0 0 0 0 0 0 0 0 0 0 0 0 0 0 0 0 0 619275 0 0 0 0 0 0 0 664750 0 0 0 0 0 0 0 602675 0 0 0 0 0 0 0 0 0 0 0 0 0 0 0 669500 0 0 0 0 635875 0 0 0 0 0 0 0 0 0 0 0 0 0 0 0 0 0 0 0 0 0 0 0 0 0 639150 0 0 0 0 0 0 0 644075 0 0 0 0 651025 0 0 0 0 0 0 0 0 0 0 0 0 0 686725 0 0 0 0 0 0 0 0 0 0 0 0 0 0 0 
0 0 0 0 0 0 0 0 0 0 0 0 0 0 0 0 0 0 0 0 0 0 0 0 0 0 0 0 0 0 0 0 0 0 0 0 0 0 0 651975 0 0 0 0 0 0 0 626725 0 0 0 0 0 0 0 618975 0 0 0 639600 0 0 0 0 0 0 0 0 0 0 0 0 0 0 0 0 0 626725 0 0 0 0 0 0 0 638250 0 0 0 0 0 0 0 0 0 0 0 0 0 0 0 0 641675 0 0 0 0 0 0 589325 0 0 0 0 0 0 0 0 0 0 0 0 0 0 0 0 0 0 
0 0 0 0 0 0 0 0 0 0 0 0 0 0 0 0 0 0 0 0 0 0 0 0 0 649000 0 0 0 0 0 0 0 0 0 0 658700 641000 0 0 636300 0 0 0 0 0 0 0 0 0 0 0 613150 0 0 0 638175 0 0 603575 0 0 0 0 630000 0 0 0 0 0 0 0 0 0 0 0 0 0 0 0 0 0 0 0 0 0 0 0 0 0 0 0 0 0 0 0 0 0 0 0 0 0 0 0 0 0 0 0 0 0 0 0 0 0 0 0 0 0 0 0 0 0 0 0 0 0 0 0 
0 0 650200 0 0 0 0 0 0 0 0 0 0 0 0 0 0 649550 0 0 0 0 0 0 0 0 0 0 0 0 0 0 0 0 0 0 0 0 0 0 0 652725 0 0 0 0 0 0 0 631650 635600 0 0 0 0 0 0 0 0 635625 0 0 0 0 0 0 0 0 0 0 0 0 0 0 0 0 0 0 0 0 0 0 0 0 0 0 0 0 0 0 0 0 0 0 0 0 0 0 0 0 0 0 0 0 0 0 0 0 0 0 0 0 0 0 0 0 0 0 0 0 0 0 0 0 0 0 0 0 
0 0 0 0 0 0 0 0 0 0 0 0 0 0 0 0 0 0 0 0 0 0 0 0 0 0 0 0 0 0 0 0 0 0 633600 0 628550 0 0 0 0 0 653500 0 648200 0 0 0 0 0 0 0 0 0 0 0 0 0 659500 613525 0 0 0 0 0 0 608025 0 0 0 0 0 0 0 0 0 0 0 0 0 0 0 0 0 0 0 0 0 0 0 0 0 0 0 0 0 0 0 0 0 0 0 0 0 0 0 0 0 0 0 0 0 0 0 0 0 0 0 0 0 0 0 0 0 0 0 0 0 
0 0 0 0 0 0 0 0 0 0 667675 0 0 0 0 0 0 0 0 0 0 0 0 0 0 0 0 656825 0 0 0 0 0 0 0 0 0 0 0 0 0 0 0 646175 600225 663175 0 0 0 0 0 0 0 0 0 0 0 0 0 659625 0 0 0 0 0 0 0 0 0 0 0 0 0 0 0 0 0 0 0 0 0 0 0 0 0 0 0 0 0 0 0 0 0 0 0 0 0 0 0 0 0 0 0 0 0 0 0 0 0 0 0 0 0 0 0 0 0 0 0 0 0 0 0 0 0 0 0 0 
0 0 0 0 612825 0 0 0 0 0 0 0 657100 0 0 0 0 0 0 0 0 0 0 0 0 0 0 0 0 636475 0 0 0 0 0 0 0 0 0 0 0 0 0 0 626900 0 0 0 0 0 0 0 0 0 0 0 0 0 0 609750 633225 0 0 0 0 0 0 0 0 0 0 0 0 0 0 0 0 0 0 0 0 0 0 636125 0 0 0 0 0 0 0 0 0 0 0 0 0 0 0 0 0 0 0 0 0 0 0 0 0 0 0 0 0 0 0 0 0 0 0 0 0 0 0 0 0 0 0 0 
0 0 0 0 0 0 0 0 0 0 0 0 0 594900 0 0 0 0 0 0 0 663600 0 0 0 0 0 0 0 0 0 0 0 0 0 0 0 0 0 0 0 0 0 0 0 655600 0 0 0 0 0 0 0 0 0 0 0 0 0 630825 0 675200 0 0 0 0 0 0 0 0 0 0 0 0 0 0 0 659525 0 0 0 0 0 655500 655750 0 0 0 0 0 0 0 0 0 0 0 0 0 0 0 0 0 0 0 0 0 0 0 0 0 0 0 0 0 0 0 0 0 0 0 0 0 0 0 0 0 0 0 
0 0 0 0 0 0 0 0 0 0 0 0 0 0 0 0 0 0 0 0 0 0 0 0 0 0 0 0 0 0 0 0 0 0 0 0 0 0 635675 0 0 0 0 0 0 0 651825 0 0 0 0 0 0 0 0 0 0 0 0 630600 0 0 642025 0 0 0 0 0 0 0 0 0 0 0 0 0 614125 0 0 0 621825 0 0 638300 0 0 0 0 0 0 0 0 0 0 0 0 627225 0 0 0 0 0 0 0 0 0 0 0 0 0 0 0 0 0 0 0 0 0 0 0 0 0 0 0 0 0 0 0 
0 0 0 0 0 0 0 0 0 0 0 0 0 0 0 0 0 0 0 0 0 0 0 0 0 0 0 0 0 0 0 0 0 0 0 0 0 0 0 0 0 0 0 0 0 0 0 634900 0 0 0 0 0 0 619125 0 0 0 0 654575 0 0 638000 668550 0 0 0 0 0 0 622550 0 0 0 0 0 0 0 0 0 0 0 0 0 0 634800 595650 0 0 0 0 0 0 0 606500 0 0 0 666825 0 0 625775 655375 0 0 0 0 0 0 0 0 0 0 0 0 0 0 0 0 0 0 0 0 0 0 0 0 0 
0 0 0 0 0 0 0 0 0 0 0 0 0 0 0 0 0 0 0 0 0 0 0 0 628725 0 0 0 0 0 0 0 0 0 0 0 0 0 0 0 0 0 0 639225 0 0 0 0 637050 0 0 0 0 0 0 0 0 592025 0 623025 0 0 0 0 624775 0 0 0 0 0 0 0 636500 0 0 0 0 0 0 0 0 0 0 0 0 0 0 0 0 0 0 0 0 0 0 0 0 0 0 0 0 0 0 0 0 0 0 0 0 0 0 0 0 0 0 0 0 0 0 0 0 0 0 0 0 0 0 0 
0 0 0 0 0 0 0 0 0 666600 0 0 0 0 0 0 0 0 0 0 0 0 0 0 0 0 0 0 0 0 0 0 0 0 0 0 0 0 0 0 0 636025 0 0 0 0 0 0 0 658300 0 637950 0 0 0 0 0 0 663900 661025 0 0 0 0 628375 634850 0 0 0 0 0 0 0 0 0 0 0 0 0 0 0 0 0 0 0 0 0 0 0 0 0 0 0 0 0 0 0 0 0 0 0 0 0 0 0 0 0 0 0 0 0 0 0 0 0 0 0 0 0 0 0 0 0 0 0 0 0 0 
0 0 0 0 0 0 0 0 0 0 0 0 0 0 0 0 0 0 0 0 0 0 0 0 0 0 0 0 0 0 0 0 632925 0 0 0 0 0 0 0 672950 658500 0 0 0 0 0 0 0 0 616550 0 0 587875 0 0 0 0 0 635475 0 0 0 0 0 0 655100 592700 0 0 0 0 0 0 0 0 0 0 0 0 0 0 0 0 0 0 0 0 0 0 0 0 0 0 0 0 0 0 0 0 0 0 0 0 0 0 0 0 0 0 0 0 0 0 0 0 0 0 0 0 0 0 0 0 0 0 0 0 
0 634550 0 0 0 0 0 0 0 660675 0 0 0 0 0 0 0 0 0 636400 0 0 0 0 0 0 0 0 638525 0 0 0 0 0 0 0 0 0 0 0 0 0 0 0 0 0 0 0 0 0 0 647625 0 0 0 0 0 0 0 660950 0 0 0 0 0 0 0 646600 0 0 0 0 0 0 0 613225 0 0 0 0 0 0 0 659225 0 0 0 0 0 0 0 0 0 0 0 0 0 0 0 0 0 0 0 0 0 0 0 0 0 0 0 0 0 0 0 0 0 0 0 0 0 0 0 0 0 0 0 0 
0 0 0 0 0 0 0 0 0 0 0 0 0 0 0 0 0 0 0 0 0 0 0 0 0 653725 0 0 0 0 0 0 0 0 0 0 0 0 624100 0 622525 0 0 0 0 0 0 0 638475 0 0 0 660800 639575 0 0 0 0 0 649850 0 0 0 0 0 0 0 0 636975 0 0 0 0 0 0 0 0 0 0 0 0 0 0 0 0 0 0 0 0 0 0 0 0 0 0 0 0 0 0 0 0 0 0 0 0 0 0 0 0 0 0 0 0 0 0 0 0 0 0 0 0 0 0 0 0 0 0 0 
0 0 0 0 0 0 0 0 0 0 0 0 0 0 0 0 0 0 0 0 0 0 0 0 0 0 0 0 0 0 0 0 0 0 0 0 0 0 0 0 0 0 0 0 0 0 0 0 0 619700 616575 0 0 613550 0 0 0 0 0 622675 0 0 0 0 0 0 0 0 0 668825 0 0 0 0 0 0 0 0 0 0 0 0 0 0 651750 0 0 0 0 0 0 0 631250 0 0 0 0 0 0 0 0 0 0 0 0 0 0 0 0 0 0 0 0 0 0 0 0 0 0 0 0 0 0 0 0 0 0 0 
0 0 0 0 0 0 0 0 0 0 0 0 0 0 0 0 0 0 0 0 0 0 625975 632875 0 0 0 0 0 0 0 0 0 0 0 0 0 0 0 0 0 0 0 0 0 0 0 0 0 0 0 0 633750 0 665225 0 0 0 0 670075 0 0 0 0 0 0 0 0 0 637425 666400 0 0 0 0 0 0 0 0 0 0 0 0 0 0 0 0 0 0 0 0 0 0 0 0 0 0 0 0 0 0 0 0 0 0 0 0 0 0 0 0 0 0 0 0 0 0 0 0 0 0 0 0 0 0 0 0 0 
0 0 0 0 0 0 0 0 0 0 0 0 0 0 0 0 0 0 0 0 0 0 0 0 0 0 0 0 0 0 0 0 0 0 0 0 0 0 0 0 0 0 0 0 0 0 0 0 0 0 0 0 0 633550 614175 658550 0 0 0 645300 0 0 0 0 0 0 0 0 625400 0 647400 629925 0 0 0 0 0 0 0 0 0 0 0 0 0 0 0 0 0 0 0 0 0 0 632100 0 0 0 0 0 0 0 636300 0 0 0 0 0 0 0 0 0 0 0 0 0 0 0 0 0 0 0 0 0 0 0 0 0 
0 0 0 0 0 0 0 0 632875 0 0 0 0 0 0 0 0 0 0 0 0 0 0 0 0 0 0 0 0 0 0 0 0 0 0 0 0 0 0 0 632375 0 0 0 0 0 0 0 654950 0 0 0 0 0 0 0 624075 0 0 656550 0 0 0 0 0 633950 0 0 0 0 0 0 641775 0 0 0 0 0 0 0 0 0 0 0 0 0 0 0 0 0 0 0 0 0 0 0 0 0 0 0 0 0 0 0 0 0 0 0 0 0 0 0 0 0 0 0 0 0 0 0 0 0 0 0 0 0 0 0 
0 662825 0 0 0 0 0 0 0 0 0 0 0 0 0 0 0 609700 0 0 0 0 0 0 0 637950 0 0 0 0 0 0 0 0 0 0 0 0 0 0 0 0 0 0 0 0 0 0 0 0 0 0 666250 0 0 0 0 654400 0 615675 0 0 0 0 0 0 0 0 0 0 0 0 0 639125 0 0 0 0 0 0 0 0 0 0 0 0 0 0 0 0 0 0 0 0 0 0 0 0 0 0 0 0 0 0 0 0 0 0 0 0 0 0 0 0 0 0 0 0 0 0 0 0 0 0 0 0 0 0 
0 0 0 0 0 0 0 0 0 0 0 0 0 0 0 0 619400 0 0 0 0 0 0 0 638450 0 611675 0 0 0 0 0 0 0 0 0 0 0 0 0 0 0 0 0 0 0 0 0 0 0 0 0 676075 0 0 0 0 0 643950 675475 644225 0 0 0 0 0 0 0 0 0 0 0 0 0 646500 0 0 0 0 0 0 0 638050 0 0 0 0 0 0 0 0 0 0 0 0 0 0 0 0 0 0 0 0 0 0 0 0 0 0 0 0 0 0 0 0 0 0 0 0 0 0 0 0 0 0 0 0 0 
640150 663625 640550 658700 627950 654250 654175 643300 637300 642425 669900 646975 614275 651025 625400 633275 663150 646675 646800 630250 634650 655300 669200 637875 672400 615575 676050 667075 656100 611500 638200 599300 623425 637700 638675 679075 622975 635300 646475 656900 635400 646700 614450 604400 641225 645825 643075 655675 621950 608500 653275 653025 653525 622800 626175 634875 648975 658325 641250 632825 635150 663275 647950 655025 658275 608100 651950 662325 645825 605675 636825 624650 645900 645800 644850 643600 623525 649475 647600 648750 631125 648750 652650 649025 615750 634100 632325 648150 624325 608450 590475 654675 624425 651225 663500 610200 649200 650900 606200 628725 668250 646500 646925 620075 620225 670425 656800 638175 630875 646100 592625 628025 649150 630825 644525 648925 620550 637000 653225 612400 663775 659000 643275 622750 657775 655275 661650 630125 
0 0 0 0 0 0 0 0 0 626150 0 0 656950 0 0 0 0 694575 0 0 0 0 0 0 0 0 0 0 0 0 617825 0 0 0 0 0 0 0 0 0 0 0 0 0 0 0 0 0 0 0 0 0 0 0 0 0 0 0 0 623075 637875 0 0 0 0 0 0 0 0 615800 0 0 0 0 0 0 636550 0 0 0 0 0 0 0 0 0 0 0 0 0 0 0 0 0 0 0 0 0 0 0 0 0 0 0 0 0 0 0 0 0 0 0 0 0 0 0 0 0 0 0 0 0 0 0 0 0 0 0 
0 0 0 0 0 0 0 0 0 0 0 0 0 0 0 0 0 0 648275 0 0 0 0 0 0 0 0 0 0 0 0 0 0 0 0 0 0 0 0 0 0 0 0 0 671450 0 0 0 0 0 0 0 0 0 0 0 0 0 0 604550 0 651475 0 0 0 0 0 0 0 0 641825 0 0 0 0 0 0 632800 0 0 0 0 0 0 0 0 0 0 0 0 0 0 0 627325 0 0 0 0 0 0 0 0 0 0 0 0 0 0 0 0 0 0 0 0 0 0 0 0 0 0 0 0 0 0 0 0 0 0 
0 0 0 0 0 0 0 0 0 0 0 0 0 0 0 0 0 0 0 0 0 0 0 653300 0 0 0 0 0 0 0 646025 0 0 0 624400 0 615850 0 664275 0 0 0 0 0 0 0 0 0 0 0 0 0 0 0 0 0 0 0 657100 0 0 628225 0 0 0 0 0 0 0 647000 0 0 0 0 0 0 0 666500 0 0 0 0 0 0 0 0 0 0 0 0 0 0 0 0 0 0 0 0 0 0 0 0 0 0 0 0 0 0 0 0 0 0 0 0 0 0 0 0 0 0 0 0 0 0 0 0 0 
0 0 0 0 0 0 0 0 0 0 0 0 0 0 0 0 0 0 0 0 0 0 0 0 0 0 0 0 0 0 0 0 0 0 0 0 0 0 0 0 0 0 0 0 651975 0 0 0 0 0 0 0 0 0 0 0 0 0 0 646975 0 0 643725 635025 0 0 0 0 0 0 0 624250 0 0 0 0 0 0 0 631275 0 0 0 0 0 0 0 649775 0 0 0 0 0 0 0 0 0 0 0 0 0 0 662200 0 0 0 0 0 0 0 0 0 0 0 0 0 0 0 0 0 0 0 0 0 0 0 0 0 
0 0 0 0 0 0 0 0 0 0 0 0 0 0 0 0 635200 0 0 0 0 0 0 0 0 0 0 0 0 0 0 0 0 0 0 0 0 0 0 0 0 0 0 0 0 0 0 0 0 0 0 0 0 0 0 0 0 616725 0 609975 0 0 0 0 626825 632100 0 0 0 0 0 0 627100 0 665575 0 0 0 0 0 609425 0 0 0 0 0 0 0 0 0 0 0 0 0 0 0 0 0 0 0 0 0 0 0 0 0 0 0 0 0 0 0 0 0 0 0 0 0 0 0 0 0 0 0 0 0 0 0 
0 0 0 0 0 0 0 0 0 0 0 0 0 0 0 0 0 0 0 0 0 0 0 0 0 0 0 0 0 0 0 0 629100 0 0 0 0 0 0 0 0 0 0 0 0 0 0 0 0 0 0 0 0 0 0 0 633425 0 0 660925 0 0 0 0 644875 638325 0 0 0 0 0 0 628500 0 0 0 0 0 0 0 0 677400 624300 0 0 0 0 0 0 0 0 0 0 0 0 0 0 0 0 0 0 0 0 0 0 0 0 0 0 0 0 0 0 0 0 0 0 0 0 0 0 0 0 0 0 0 0 0 
0 0 0 0 0 0 0 0 0 0 0 0 0 0 0 0 0 0 0 0 0 0 0 0 0 637675 0 0 0 0 0 0 0 642275 656650 0 0 0 0 0 0 0 0 0 0 0 0 0 0 0 0 0 0 608975 0 0 0 0 0 646350 0 0 0 0 0 0 611700 0 633475 0 646050 0 0 0 0 0 0 0 0 0 0 0 662275 0 0 0 0 0 0 0 0 0 0 0 0 0 0 0 0 0 0 0 0 0 0 0 0 0 0 0 0 0 0 0 0 0 0 0 0 0 0 0 0 0 0 0 0 0 
0 0 0 0 0 0 0 0 0 0 0 0 0 0 0 0 0 0 0 0 0 0 0 0 651275 0 0 0 0 0 0 0 674275 0 0 0 0 0 0 0 0 0 0 0 0 0 0 0 638425 0 0 0 0 0 0 0 0 0 0 639000 0 0 0 0 0 0 0 604125 0 0 0 0 0 0 0 0 0 0 0 0 0 0 0 631700 0 0 0 0 0 0 0 640000 0 0 0 0 0 0 0 636475 0 0 0 0 0 0 0 0 0 0 0 0 0 0 0 0 0 0 0 0 0 0 0 0 0 0 0 0 
0 0 0 0 0 0 0 0 0 0 658150 0 0 0 0 0 0 0 0 0 0 0 0 0 0 0 0 0 0 0 0 0 0 637900 0 0 0 0 0 0 0 650875 0 0 0 0 638950 0 0 0 0 0 0 0 648100 0 0 0 0 633750 0 0 647425 0 624275 0 0 0 608725 0 0 0 0 0 0 0 0 0 0 0 0 0 0 0 622975 0 0 0 0 0 0 0 0 0 0 0 0 0 0 0 0 0 0 0 0 0 0 0 0 0 0 0 0 0 0 0 0 0 0 0 0 0 0 0 0 0 0 0 
0 0 0 0 0 0 0 0 0 0 0 0 0 0 0 0 0 0 0 0 0 0 0 0 0 0 0 0 0 0 0 0 0 0 0 0 0 0 0 0 0 0 0 0 0 645200 0 0 0 0 631250 0 0 0 0 0 0 0 653950 654675 0 0 0 0 0 0 0 0 0 623500 0 0 0 0 0 0 0 0 0 0 0 0 0 0 0 670700 0 0 0 0 0 0 0 0 0 0 0 0 0 0 630650 0 0 0 0 0 0 0 616875 0 0 0 0 0 0 0 0 0 0 0 0 0 0 0 0 0 0 0 
0 0 0 0 0 0 0 0 0 0 0 0 0 0 636325 0 0 0 0 0 0 0 0 0 0 0 0 0 0 0 0 660225 0 0 0 0 0 0 0 0 0 0 0 0 0 0 0 646575 0 0 0 0 0 0 0 635800 0 0 0 626250 0 0 0 662425 0 0 0 636250 0 0 633050 640500 0 0 0 0 0 0 0 643625 0 0 0 0 0 0 0 0 0 0 0 0 0 0 0 0 0 0 0 0 0 0 0 0 0 0 0 0 0 0 0 0 0 0 0 0 0 0 0 0 0 0 0 0 0 0 0 0 
0 0 0 0 0 0 0 639925 0 0 0 0 0 0 0 0 0 0 0 0 0 0 0 0 0 0 0 0 0 0 0 0 0 0 0 0 0 0 0 0 0 0 0 0 0 0 0 628350 0 0 0 0 0 0 0 662900 0 0 0 645425 0 661650 0 0 0 0 0 0 0 0 0 627575 0 0 0 0 0 0 636725 0 0 0 0 0 0 0 0 0 0 0 0 0 0 0 0 653050 0 0 0 0 0 0 0 657050 0 0 0 0 0 0 0 0 0 0 0 0 0 0 0 0 0 0 0 0 0 0 0 0 
0 0 0 0 0 0 0 0 0 0 0 0 0 0 0 0 0 0 0 0 0 0 0 0 0 0 0 0 0 0 0 0 0 0 0 0 0 0 0 0 0 0 0 0 0 0 0 0 0 0 0 0 0 0 0 0 0 0 0 629075 0 0 0 0 0 0 0 0 0 0 0 0 658075 627950 660750 620250 0 616900 0 0 638200 0 0 0 0 0 0 0 599050 0 0 0 0 0 0 0 0 0 0 0 0 0 0 0 0 0 0 0 0 0 0 0 0 0 0 0 0 0 0 0 0 0 0 0 0 0 0 0 
0 0 0 0 0 0 0 0 0 0 0 0 0 0 0 0 0 0 0 0 0 0 0 0 0 0 0 0 0 0 0 0 0 0 0 0 0 0 0 0 0 0 0 0 0 0 0 0 0 0 0 0 0 0 0 0 0 0 0 622925 0 0 0 0 0 610600 0 0 0 637000 0 0 642700 635275 0 0 615875 638975 0 0 624650 0 0 0 0 0 0 0 0 667100 0 0 0 0 0 0 0 0 0 0 0 0 0 0 0 0 0 0 0 0 0 0 0 0 0 0 0 0 0 0 0 0 0 0 0 0 0 0 
0 0 0 0 0 0 0 0 0 0 0 0 0 0 0 0 0 0 643675 0 0 0 0 0 0 0 624100 0 0 0 0 0 0 0 0 0 0 0 0 0 0 0 0 0 0 0 0 0 0 0 0 0 0 0 0 0 0 0 0 634850 0 0 0 0 0 0 0 0 0 0 0 0 0 0 676500 0 0 0 0 0 0 0 0 0 0 0 0 0 0 0 623500 648050 0 0 0 0 0 0 0 0 0 0 0 0 0 0 0 0 0 0 0 0 0 0 0 0 0 0 0 0 0 0 0 0 0 0 0 0 
0 0 0 662975 0 0 0 0 0 0 0 0 0 0 0 0 0 0 0 0 0 0 0 0 0 0 0 0 0 0 0 0 0 0 0 670875 0 0 0 0 0 0 0 0 0 0 0 0 0 0 0 0 0 0 0 0 0 0 0 632050 0 0 0 0 0 0 0 0 0 0 0 0 0 0 0 656075 0 0 600600 0 0 0 0 0 0 0 0 0 0 0 0 683725 0 0 0 0 0 0 0 0 0 0 0 0 0 0 0 0 0 0 0 0 0 0 0 0 0 0 0 0 0 0 0 0 0 0 0 0 
0 0 0 0 0 0 0 0 0 0 0 0 0 631425 0 0 0 0 0 0 0 0 0 634525 0 0 0 0 0 0 0 659775 0 0 0 0 0 0 0 0 0 0 0 0 0 0 0 0 0 0 0 0 0 0 664125 0 0 0 0 639325 0 0 635875 0 652450 0 0 0 0 0 613900 0 658650 619850 0 0 635750 0 0 0 0 0 0 0 0 0 0 0 0 0 0 0 676650 0 0 0 0 0 0 0 0 0 0 0 0 0 0 0 0 0 0 0 0 0 0 0 0 0 0 0 0 0 0 0 0 0 0 0 
0 0 0 0 0 0 0 0 0 0 0 0 0 0 0 0 0 0 0 0 0 0 0 0 0 0 0 0 0 0 0 0 0 0 0 0 0 0 0 0 0 0 0 0 0 0 0 0 0 0 0 0 0 0 0 0 0 0 0 606325 0 0 0 0 0 654025 0 0 0 0 0 0 0 0 623750 0 0 625500 0 0 0 620425 0 0 0 0 652925 0 0 0 0 0 0 0 0 0 0 0 0 0 0 642100 0 0 0 0 0 0 0 0 0 0 0 0 631400 0 650300 0 0 0 0 0 0 0 0 0 0 0 
0 0 0 0 0 0 0 0 0 0 0 0 0 0 0 0 0 0 0 0 0 0 0 632575 0 0 0 0 0 0 0 0 0 0 0 0 0 0 0 0 0 0 0 0 0 0 0 0 0 0 0 0 0 0 0 0 0 0 0 630275 0 0 0 0 0 0 0 0 0 0 0 0 0 0 0 0 655000 616700 632050 661100 0 0 0 0 0 0 0 0 0 0 630900 0 0 0 0 646400 0 0 0 0 0 0 620275 0 0 0 0 0 0 0 0 0 0 0 0 0 0 603750 0 0 0 0 0 0 0 0 0 0 
0 0 0 0 0 0 0 0 0 0 0 0 0 0 0 638400 0 0 0 0 0 0 0 0 0 0 0 0 0 0 0 0 0 0 0 0 0 0 0 0 0 0 0 0 0 0 0 0 0 0 0 0 0 0 0 0 0 0 0 603050 0 0 0 0 0 0 0 0 0 0 0 0 0 630350 0 0 0 0 628450 639800 0 0 0 0 0 0 0 0 0 0 0 0 0 0 0 0 0 0 0 0 0 0 0 611225 0 0 0 0 0 0 0 634825 0 0 0 0 0 0 0 0 0 0 0 0 0 0 625150 0 
0 0 0 0 0 0 0 0 0 0 0 0 0 0 0 0 0 0 0 0 0 0 0 0 0 0 0 0 0 0 0 0 0 0 0 0 0 0 0 0 0 0 0 0 0 0 0 0 0 0 0 0 0 0 0 0 0 0 0 654450 0 0 0 0 0 0 0 0 0 0 0 0 0 0 0 0 646050 0 0 0 655600 625925 0 625400 620350 0 0 0 0 0 0 0 0 661225 0 0 635750 0 0 0 0 0 0 0 0 0 0 0 0 0 0 0 0 0 0 0 0 0 0 0 0 0 0 0 0 0 0 0 
0 0 0 0 0 0 0 0 0 0 0 0 0 0 0 0 0 0 0 0 0 0 0 0 0 0 0 0 0 0 0 0 0 0 0 0 0 0 0 0 0 0 0 0 0 0 0 0 0 0 0 0 0 0 0 0 0 0 0 647525 0 0 0 0 0 0 0 0 0 0 0 0 0 0 0 0 0 0 0 0 0 642000 0 0 630525 0 0 0 0 649000 0 0 0 0 0 0 0 665300 643975 0 0 0 0 0 0 0 0 0 0 0 0 0 0 0 0 0 0 0 0 0 0 0 0 0 0 0 0 0 
0 0 0 0 0 0 0 0 0 0 0 0 0 0 0 0 0 0 0 0 0 0 0 0 0 0 0 0 0 0 0 0 0 0 0 0 0 0 0 0 0 0 0 0 0 0 0 0 0 0 0 0 0 0 625850 0 0 0 0 653125 0 0 0 0 0 0 638550 0 0 0 0 0 0 0 0 0 0 0 0 0 0 0 621100 0 0 694525 0 0 0 0 0 0 0 0 0 0 0 0 680775 0 0 0 0 0 0 0 0 0 0 0 0 0 0 0 0 0 0 0 0 0 0 0 0 0 0 0 0 0 
0 0 0 0 0 0 0 0 0 0 0 659975 0 0 0 0 0 0 0 0 0 0 0 0 0 0 0 0 0 0 0 0 0 0 0 0 0 0 0 0 0 0 0 0 0 0 0 0 0 0 0 0 0 0 0 0 0 0 0 685675 0 0 0 0 0 0 0 0 0 0 0 0 0 0 0 0 0 0 0 0 0 0 0 654475 0 0 0 0 0 0 0 0 0 0 0 0 0 0 0 616575 0 0 0 0 0 0 0 624000 0 0 0 0 0 0 0 0 0 0 0 0 0 0 0 0 0 0 0 0 
656075 0 0 0 0 0 0 0 0 0 0 0 635025 0 0 0 0 0 0 0 0 0 0 625375 0 0 0 0 0 0 0 652075 0 0 0 0 615550 0 0 0 0 0 0 0 0 0 0 623175 0 0 0 0 0 0 0 660450 0 0 0 643425 0 0 0 649900 0 0 0 0 0 0 0 0 0 0 0 0 663675 0 0 0 0 0 0 0 640625 0 0 0 0 0 0 0 0 623125 0 0 0 0 0 0 0 0 0 0 0 0 0 0 0 0 0 0 0 0 0 0 0 0 0 0 0 0 0 0 0 0 0 0 
0 0 0 0 0 0 0 670275 0 0 0 0 0 0 0 0 0 0 0 0 0 0 0 0 0 0 0 0 0 0 0 0 0 0 0 0 0 0 0 654125 0 0 0 0 0 650800 0 623025 0 0 0 0 0 0 0 670200 0 0 0 650525 0 0 0 0 0 0 0 0 0 0 0 628100 0 0 0 0 0 0 0 629050 0 0 0 0 0 640275 0 0 0 0 0 0 0 0 0 0 0 0 0 0 0 0 0 0 0 0 0 0 610125 661550 0 0 0 0 0 0 0 0 0 0 0 0 0 0 0 0 0 0 
0 657975 0 0 0 0 0 618700 0 0 0 0 0 0 0 0 0 0 0 0 0 0 0 0 0 0 0 0 0 0 0 0 0 0 0 0 0 0 0 0 0 0 0 0 0 0 0 0 0 0 0 0 0 0 0 0 0 0 0 627175 0 0 0 0 0 0 0 0 0 0 0 0 0 0 0 0 0 0 0 0 0 0 0 0 0 661500 616200 0 0 0 0 0 654675 647025 627375 0 0 0 0 0 0 0 0 660875 0 653925 0 0 0 0 656250 0 0 0 0 0 0 0 0 0 0 0 0 0 0 0 661400 0 
0 0 0 0 0 0 0 0 0 0 0 0 0 0 0 0 0 0 0 0 0 0 0 0 0 0 0 0 0 0 0 0 0 0 0 0 0 0 0 0 0 0 0 0 0 0 0 0 0 0 0 0 0 0 0 0 0 0 0 653575 0 0 0 0 0 0 0 0 0 0 0 0 0 0 0 0 0 0 0 0 0 0 0 0 0 0 635125 619625 0 0 0 0 0 0 0 639275 0 0 0 0 0 0 0 0 0 0 0 0 0 0 0 0 0 0 0 0 0 0 0 0 0 0 0 0 0 0 0 0 
0 0 0 0 0 0 0 0 0 0 0 0 0 0 0 0 0 0 0 0 0 0 0 0 0 0 0 0 0 0 0 0 0 0 0 0 0 0 0 0 0 0 0 0 0 0 0 0 0 0 0 0 0 0 0 0 0 0 0 633550 0 0 0 0 0 0 0 0 0 0 640475 0 0 0 0 0 0 0 0 0 0 0 0 0 0 0 0 0 610175 0 0 0 0 626825 0 0 0 658550 0 0 0 645375 0 0 641725 0 0 0 0 0 0 0 0 0 0 0 0 0 0 0 0 0 0 0 0 0 0 0 
0 0 0 0 0 0 0 0 0 0 0 0 0 0 0 0 0 0 0 0 0 0 0 0 0 0 0 0 0 0 0 0 0 0 0 0 0 0 0 0 0 0 0 0 0 0 0 0 0 0 0 0 0 0 0 0 0 0 0 645475 0 0 0 0 0 0 0 0 0 0 0 0 0 0 0 0 0 0 0 0 0 0 0 0 0 652825 629025 0 0 649550 625875 0 663000 676925 654475 0 0 0 0 0 0 0 0 0 0 642750 0 0 0 0 0 0 0 0 0 0 0 0 0 0 0 0 0 0 0 0 0 0 
0 0 617600 0 0 0 0 0 0 0 0 0 0 0 0 0 0 0 0 0 0 0 0 0 0 0 0 0 0 0 0 0 0 0 0 0 0 0 0 0 0 0 0 0 0 0 0 0 0 0 0 0 0 0 0 0 0 0 0 635750 0 0 0 0 0 0 0 0 0 0 0 0 0 0 0 0 0 0 0 0 0 0 659625 0 0 0 0 0 0 626825 615625 0 0 0 0 0 0 0 0 0 0 0 0 0 0 0 649350 0 0 0 0 0 0 0 0 0 0 0 0 0 0 0 0 0 0 0 0 0 
0 0 0 0 0 0 0 0 0 0 0 0 0 0 0 0 0 0 0 0 0 0 0 0 0 0 0 0 0 0 0 0 0 0 0 0 0 0 0 0 0 0 0 0 0 0 0 0 0 0 0 650950 0 0 0 0 0 0 0 627625 0 0 0 0 0 0 0 0 0 0 0 0 0 0 0 0 0 0 0 647175 0 0 0 643650 0 0 0 662225 0 0 0 662900 0 0 0 0 0 0 0 0 689775 0 0 0 0 0 0 0 0 0 0 0 0 0 0 0 0 0 0 0 0 0 0 0 0 0 0 0 
0 0 0 635475 0 0 0 0 0 0 0 0 0 0 0 0 0 0 0 0 0 0 0 0 0 0 0 0 0 0 0 0 0 0 0 0 0 0 0 0 0 0 0 0 0 0 0 0 0 0 0 0 0 0 0 0 0 0 0 628000 629800 0 0 0 0 0 0 0 623900 0 0 0 0 0 0 0 0 0 0 0 0 0 0 0 0 0 0 0 0 0 0 0 638225 0 639775 0 0 0 0 0 0 0 0 0 0 0 0 0 0 0 0 0 0 0 0 0 618500 641775 0 0 0 0 0 0 0 626000 0 0 
0 0 0 0 0 661325 0 0 0 0 0 0 0 0 0 0 0 0 0 0 0 0 0 0 0 0 0 0 0 0 0 0 0 0 0 0 0 0 0 0 0 0 0 0 0 0 0 0 0 0 0 0 0 0 0 0 0 0 0 622575 0 0 0 0 0 0 0 0 0 0 0 0 0 0 0 0 0 649425 0 0 0 0 0 0 0 658975 0 0 639050 0 0 0 0 652325 686900 0 0 0 0 0 0 0 0 0 0 0 0 0 0 0 629225 650025 0 0 0 0 0 0 0 0 0 0 0 0 0 626875 647175 0 
0 0 0 0 0 0 0 0 0 0 0 0 0 0 639725 0 0 0 0 0 0 0 0 0 0 0 0 0 0 0 0 0 0 0 0 0 0 0 0 0 0 0 0 0 0 0 0 0 0 0 0 0 0 0 0 0 0 0 0 643850 0 0 0 0 0 0 0 0 0 0 0 0 0 0 0 0 0 0 0 0 0 0 0 0 0 0 0 0 0 0 0 0 0 0 629800 0 0 0 0 0 0 0 646450 0 0 0 0 0 0 0 0 0 0 0 647000 0 636650 0 0 0 0 0 0 0 0 0 0 623400 
0 0 0 0 0 0 0 0 0 0 0 0 0 0 0 0 0 0 0 0 0 0 0 0 0 0 0 0 0 0 0 0 0 0 0 0 0 0 0 631300 0 0 0 0 0 0 0 0 0 0 0 0 0 0 0 0 0 0 0 638125 0 0 0 0 0 0 0 0 0 0 0 0 0 0 0 0 0 0 0 0 0 0 0 0 0 0 0 0 0 610900 0 647100 0 0 0 642375 0 0 0 0 0 0 0 620375 0 0 0 0 0 0 0 648175 0 0 0 0 0 0 0 0 0 0 0 0 0 676350 0 0 
0 0 0 0 0 0 0 0 0 0 0 0 0 0 0 0 0 0 0 0 0 0 0 0 0 0 0 0 0 0 0 0 0 0 0 0 0 0 0 0 0 0 0 0 0 0 0 0 0 0 0 0 0 0 0 0 0 0 0 586225 0 0 0 0 0 0 0 0 0 0 0 0 0 0 0 0 0 0 0 0 0 0 0 0 0 642825 0 0 0 0 0 0 0 632000 0 0 636725 0 636625 0 0 0 0 0 0 0 0 0 0 0 642775 0 640150 0 641775 0 618900 0 0 0 0 0 0 0 0 0 0 0 
0 0 0 0 0 0 0 0 0 0 0 0 0 0 0 0 0 0 0 0 0 0 0 0 0 0 0 0 0 0 0 0 0 0 0 0 0 0 0 0 0 0 0 0 0 0 0 0 0 0 0 0 0 0 636350 0 0 0 0 616275 0 0 601575 0 0 0 0 0 0 0 652650 0 0 0 0 0 0 0 0 0 0 0 0 0 0 0 0 0 0 0 0 0 0 0 661125 0 0 642925 0 0 0 607900 599000 0 0 668500 0 0 0 0 0 0 0 632325 0 0 0 0 0 0 0 0 0 0 0 0 0 0 
0 0 0 0 0 0 0 0 0 0 0 0 0 0 0 0 0 0 0 0 0 0 0 0 0 0 0 0 0 0 0 0 0 0 0 0 0 0 0 607200 0 0 0 0 0 0 0 634175 0 0 0 0 0 0 0 0 0 0 0 647925 0 0 0 0 0 0 0 0 0 0 0 0 0 0 0 0 0 0 0 0 0 0 0 0 0 0 0 0 0 0 0 0 0 0 0 0 0 654375 649075 0 0 0 604700 0 0 0 0 663975 0 0 0 0 0 0 0 0 0 0 0 0 0 0 0 0 0 0 0 0 
0 0 0 0 0 0 0 0 0 0 0 0 0 0 0 0 0 0 0 0 0 0 0 0 0 0 0 0 0 0 0 0 0 0 0 0 0 0 0 0 0 0 0 0 0 0 0 0 0 0 0 0 0 0 0 0 0 0 0 623075 0 0 0 0 0 0 0 0 0 0 0 0 0 0 0 645700 0 0 0 0 0 0 0 653925 0 0 0 0 0 0 0 671075 0 0 0 0 0 0 0 633275 0 657775 0 0 0 0 0 653300 0 0 0 0 0 0 0 649125 629725 641850 0 0 0 0 0 0 0 0 0 0 
0 0 0 0 0 0 0 684250 614125 0 0 0 0 0 0 0 0 0 0 0 0 0 0 0 0 0 0 0 0 0 0 0 0 0 0 0 0 0 0 0 0 0 0 0 0 0 0 0 0 0 0 0 0 0 0 0 0 0 0 631475 0 0 0 0 0 0 0 0 0 0 0 664150 0 0 0 0 0 0 0 631100 0 0 0 0 642275 0 0 602325 0 0 0 0 612975 0 0 0 0 0 0 0 643750 0 0 631250 0 0 0 0 0 0 0 625700 0 0 0 0 0 644000 0 0 0 0 0 0 0 636600 632775 0 
0 0 0 0 0 0 616350 0 0 0 0 0 0 0 0 0 0 0 0 0 0 0 0 0 0 0 0 0 0 0 0 0 0 0 0 0 0 0 0 0 0 0 0 0 0 0 0 0 0 0 0 0 0 0 0 655975 0 0 0 614200 0 0 0 0 0 0 0 0 0 0 658150 669525 0 0 0 0 0 0 0 0 0 0 0 0 0 0 0 0 0 0 0 0 0 0 670825 0 0 0 0 0 0 645200 643925 0 0 0 0 0 0 0 0 0 0 0 0 0 0 0 0 642000 0 0 0 0 0 0 0 0 
0 0 0 0 0 0 0 0 0 0 0 0 0 0 0 0 0 0 0 0 0 0 0 0 0 0 0 0 0 0 0 0 0 0 0 0 0 0 0 0 0 0 0 0 0 0 0 0 0 0 0 0 0 0 0 0 0 0 0 617150 0 0 0 0 0 0 0 0 0 0 0 0 0 0 0 0 0 0 0 0 0 0 0 0 0 0 0 0 0 0 0 0 0 0 0 0 655675 0 0 0 0 0 654250 0 0 0 0 0 0 0 0 0 0 0 0 0 0 0 629675 0 0 0 0 657175 647725 634725 629075 0 
0 0 0 0 0 0 0 659550 0 0 0 0 0 0 0 665850 0 0 0 0 0 0 0 0 0 0 0 0 0 0 0 0 0 0 0 0 0 0 0 0 0 0 0 0 0 0 0 0 0 0 0 0 0 0 0 0 0 0 0 648750 0 0 0 0 0 0 0 0 0 0 0 0 0 0 0 0 0 0 0 0 0 0 0 0 0 0 0 0 0 0 0 0 0 0 0 0 0 0 0 0 656825 0 0 623925 0 0 0 0 0 0 0 0 0 0 0 0 0 0 0 0 0 0 0 0 0 0 0 0 
0 0 0 0 0 0 0 0 0 0 0 0 0 0 0 0 0 0 0 0 0 0 0 0 0 0 0 0 0 0 0 0 0 0 0 0 0 0 0 0 0 0 0 0 0 0 0 0 0 0 0 0 0 0 0 0 0 0 0 650000 0 0 0 0 0 0 0 0 0 0 0 0 0 0 0 0 0 0 0 0 0 0 0 0 0 0 0 0 626425 0 0 0 0 0 0 0 0 0 0 0 0 0 0 0 621625 0 0 0 0 0 0 635750 0 0 0 0 0 0 0 0 627950 0 0 0 0 651200 648150 0 
0 0 0 0 0 0 0 0 0 0 0 0 0 0 0 0 0 0 0 0 0 0 0 0 0 0 0 0 0 0 0 0 0 0 0 0 0 0 0 0 0 0 0 0 0 0 0 0 0 0 0 0 0 0 0 0 0 0 0 613950 0 0 0 663775 0 0 0 0 0 0 0 624250 0 0 0 0 0 0 0 650975 0 0 0 0 0 0 0 0 0 0 0 0 0 0 637150 655300 0 0 0 0 0 0 658375 0 0 618450 0 0 0 0 0 0 0 0 639550 0 0 0 0 0 0 0 0 0 0 0 0 0 
0 0 0 0 0 0 0 0 0 0 0 0 0 0 0 0 0 0 0 0 0 0 0 0 0 0 0 0 0 0 0 0 0 0 0 0 0 0 0 0 0 0 0 0 0 0 0 0 0 0 0 0 0 0 0 0 0 0 0 653125 0 0 0 0 0 0 0 0 0 0 0 0 0 0 0 0 0 0 0 0 0 0 0 0 0 0 0 0 0 0 0 0 0 0 0 0 0 0 0 0 0 0 0 0 0 654900 641150 0 641775 0 0 0 0 657175 0 0 0 0 0 0 0 0 642200 646075 0 0 0 0 
0 0 0 0 0 0 0 0 0 0 0 0 0 0 0 0 0 0 0 0 0 0 0 0 0 0 0 0 0 0 0 0 0 0 0 0 0 0 0 0 0 0 0 0 0 0 0 0 0 0 0 0 0 0 0 0 0 0 0 628825 0 0 0 0 0 0 0 0 0 0 0 0 0 0 0 0 0 0 0 0 0 0 0 0 0 0 0 0 0 0 0 618675 0 0 0 669500 0 0 0 632125 0 0 0 629775 0 0 0 644875 0 625675 0 632250 0 0 0 0 0 0 0 0 0 0 0 0 603750 0 0 0 
0 0 0 0 639650 0 0 0 0 0 0 0 0 0 0 0 0 0 0 0 0 0 0 0 0 0 0 0 0 0 0 0 0 0 0 0 0 0 0 0 0 0 0 0 0 0 0 0 0 0 0 0 0 0 0 0 0 0 0 628525 0 0 0 0 0 0 0 0 0 0 0 0 0 0 0 0 0 0 0 0 0 0 0 0 0 0 0 0 0 0 0 0 0 0 0 0 0 0 0 0 0 0 0 662900 0 0 0 0 651900 0 0 0 0 0 0 0 0 0 0 0 0 0 0 644250 0 0 643125 0 
661500 0 0 0 0 0 0 0 0 0 0 0 0 0 0 0 0 0 0 0 0 0 0 0 0 0 0 0 0 0 0 0 0 0 0 0 0 0 0 0 0 0 0 0 0 0 0 0 0 0 0 0 0 0 0 0 0 0 0 643025 0 0 0 0 0 0 0 0 0 0 0 0 0 0 0 0 0 0 0 642000 0 0 0 0 0 0 0 0 0 0 0 0 0 0 0 625550 0 0 0 0 0 0 0 0 0 0 0 0 0 646050 0 0 0 0 0 0 0 657325 651150 0 0 0 0 0 0 0 0 0 
0 0 0 0 0 0 0 0 0 0 0 0 0 0 0 0 0 0 0 0 0 0 0 0 0 0 0 0 0 0 0 0 0 0 0 0 0 0 0 0 0 0 0 0 0 0 0 0 0 0 0 0 0 0 0 0 0 0 0 648100 0 0 0 0 0 0 0 0 0 0 0 0 0 0 0 0 0 0 0 0 0 0 0 0 0 0 649150 0 0 0 0 0 0 0 0 0 0 0 0 0 0 0 0 0 0 0 0 0 0 0 670350 642600 0 0 0 0 0 0 0 0 0 0 0 0 0 0 0 0 
0 0 0 0 0 0 0 0 0 0 0 0 0 0 0 0 0 0 0 0 0 0 0 0 0 0 0 0 0 0 0 0 0 0 0 0 0 0 0 0 0 0 0 0 0 0 0 0 0 0 0 0 0 0 0 0 0 0 0 640100 0 0 0 0 0 0 0 0 0 0 0 0 0 0 0 0 0 0 0 0 0 0 0 0 0 0 0 0 0 0 0 0 0 0 0 0 0 0 0 0 0 0 0 0 0 0 0 0 0 613075 0 597450 0 0 0 0 0 0 646500 618575 0 0 0 0 0 0 0 0 
0 0 0 0 0 0 0 0 0 0 0 0 0 0 0 0 0 0 0 0 0 0 0 0 0 0 0 0 0 0 0 0 0 0 0 0 0 0 0 0 0 0 0 0 0 0 0 0 0 0 0 0 0 0 0 0 0 0 0 634375 0 0 0 0 0 0 0 0 0 0 0 0 0 0 0 0 0 0 0 0 0 0 0 0 0 0 0 0 0 0 0 0 0 0 0 0 622325 0 0 0 0 0 0 0 0 0 0 0 0 0 0 0 633575 648350 0 0 0 0 0 0 0 625875 0 0 0 0 0 0 
0 0 0 0 0 0 0 0 0 0 0 0 0 0 0 0 0 0 0 0 0 0 0 0 0 0 0 0 0 0 0 0 0 0 0 0 0 0 0 0 0 0 0 0 0 0 0 0 0 0 0 0 0 0 0 0 0 0 0 645900 0 0 0 0 0 0 0 0 0 0 0 0 0 619725 0 0 0 0 0 635700 0 0 0 0 0 0 0 0 0 0 0 0 0 0 0 0 0 0 0 0 0 0 0 635500 0 0 0 0 0 0 0 639800 0 629125 0 618300 0 0 0 649000 0 630775 0 0 0 0 643500 0 
0 0 0 0 0 0 0 0 0 0 0 0 0 0 0 0 0 0 0 0 0 0 0 0 0 0 0 0 0 0 0 0 0 0 0 0 0 0 0 0 0 0 0 0 0 0 0 0 0 0 0 0 0 0 0 634875 0 0 0 640725 0 0 0 0 0 0 0 0 0 0 0 612150 0 0 0 0 0 0 0 638975 0 0 0 0 0 0 0 0 0 0 0 0 0 0 0 636525 0 0 0 0 0 0 0 649700 0 0 0 0 0 0 0 641425 0 0 603125 631525 618700 0 0 0 0 655750 0 0 0 0 0 0 
0 0 0 0 0 0 0 0 0 0 0 0 0 0 0 0 0 0 0 0 0 0 0 0 0 0 0 0 0 0 0 0 0 0 0 0 0 0 0 0 0 0 0 0 0 0 0 0 0 0 0 0 0 0 0 0 0 0 0 631300 0 0 0 0 0 0 0 0 0 0 0 0 0 0 0 0 0 0 0 0 0 0 0 0 0 0 0 0 0 0 0 0 0 0 0 0 0 0 0 0 0 0 0 0 0 0 0 639700 0 0 0 612850 0 0 0 669250 0 0 647275 0 0 0 0 0 0 0 0 0 
0 0 0 0 0 0 0 0 0 0 0 0 0 0 0 0 0 0 0 0 0 0 0 0 0 0 0 0 0 0 0 0 0 0 0 0 0 0 0 0 0 0 0 0 0 0 0 638100 0 0 0 0 0 0 0 0 0 0 0 626500 0 0 0 0 0 0 0 0 0 0 0 0 0 0 0 0 0 0 0 0 0 0 0 0 0 0 0 0 0 0 0 0 0 0 0 0 0 0 0 0 623600 0 0 0 0 0 0 0 0 0 0 0 0 0 0 0 629700 653900 0 0 0 0 0 0 0 657775 0 0 
0 0 0 0 0 662950 0 0 0 0 0 0 0 0 0 0 0 0 0 0 0 0 0 0 0 0 0 0 0 0 0 0 0 0 0 0 0 0 0 0 0 0 0 0 0 0 0 0 0 0 0 0 0 0 0 0 0 0 0 635575 0 0 0 618975 0 0 0 0 0 0 0 0 0 0 0 0 0 0 0 0 0 0 0 0 0 0 0 0 0 0 0 0 0 0 0 0 0 0 0 0 0 611550 0 0 0 0 0 0 0 0 0 0 0 0 0 0 0 655925 0 0 0 0 0 0 0 0 645350 0 
0 0 0 0 0 0 0 0 0 0 0 0 0 0 0 0 0 0 0 0 0 0 0 0 0 0 0 0 0 0 0 0 0 0 0 0 0 0 0 0 0 0 0 0 0 0 0 0 0 0 0 0 0 0 0 0 0 0 0 677825 0 0 0 0 0 0 0 0 0 0 0 0 0 0 0 0 0 0 0 0 0 0 0 0 0 0 0 0 0 0 0 0 0 0 0 0 0 0 0 0 0 0 0 653150 0 0 0 0 0 0 639425 0 637950 0 0 0 0 0 646900 0 0 0 0 0 0 0 0 0 
0 0 0 0 0 0 0 0 0 0 0 0 0 0 0 0 0 0 0 0 0 0 0 0 0 0 0 0 0 0 0 0 0 0 0 0 0 0 0 0 0 0 0 0 0 0 0 0 0 0 0 0 0 0 0 0 0 0 0 639225 0 0 0 631725 0 0 0 0 0 0 0 0 0 0 0 0 0 0 0 0 0 0 0 0 0 0 0 0 0 0 0 0 0 0 0 0 0 0 0 0 0 0 0 0 0 0 0 0 0 0 0 0 0 0 0 0 0 0 0 634450 0 0 0 0 0 0 0 0 
0 0 0 0 0 0 0 0 0 0 0 0 0 0 0 0 0 0 0 0 0 0 0 0 0 0 0 0 0 0 0 0 0 0 0 0 0 0 0 0 0 0 0 0 0 0 0 0 0 0 0 0 0 0 0 0 0 0 0 657175 0 0 0 0 0 0 0 0 0 0 0 0 0 0 0 0 0 0 0 0 0 0 0 0 0 0 0 0 0 0 0 0 0 0 0 0 0 0 0 0 0 0 0 0 0 0 0 0 0 0 0 0 630425 0 0 0 0 0 0 0 641100 0 637925 0 0 0 0 0 
0 0 0 0 0 0 0 0 0 0 0 0 0 0 0 0 0 0 0 0 0 0 0 0 0 0 0 0 0 0 0 0 0 0 0 0 0 0 0 0 0 0 0 0 0 0 0 0 0 0 0 0 0 0 0 0 0 0 0 661250 0 0 0 0 0 0 0 0 0 0 0 0 0 0 0 0 0 0 0 0 0 0 0 0 0 0 0 0 0 621625 0 0 0 0 0 0 0 0 0 0 0 0 0 0 0 0 0 0 0 0 0 0 0 0 0 0 0 0 0 0 0 633425 0 639000 0 628575 631000 0 
0 0 0 0 0 0 0 0 0 0 0 0 0 0 0 0 0 0 0 0 0 0 0 0 0 0 0 0 0 0 0 0 0 0 0 0 0 0 0 0 0 0 0 0 0 0 0 0 0 0 0 0 0 0 0 0 0 0 0 644700 0 0 0 0 0 0 0 0 0 0 0 0 0 0 0 0 0 0 0 0 0 0 0 0 0 0 0 0 0 0 0 0 0 0 0 0 0 0 0 0 0 0 0 0 0 0 0 0 0 0 0 0 0 0 0 0 0 0 0 0 0 0 642175 0 0 644700 616000 657150 
0 0 0 0 0 0 0 0 0 0 0 0 0 0 0 0 0 0 0 637325 0 0 0 0 0 0 0 0 0 0 0 0 0 0 0 0 0 0 0 0 0 0 0 0 0 0 0 0 0 0 0 0 0 0 0 0 0 0 0 663125 0 0 0 0 0 0 0 0 0 0 0 0 0 0 0 0 0 0 0 0 0 0 0 0 0 0 0 0 0 0 0 0 0 0 0 0 0 0 0 0 0 0 0 0 0 0 0 0 0 0 0 0 0 0 0 0 0 0 0 0 0 0 646125 651900 607475 0 0 0 
0 0 0 0 0 0 0 0 0 0 0 0 0 0 0 0 0 0 0 0 0 0 0 0 0 0 0 0 0 0 0 0 0 0 0 0 0 0 0 0 0 0 0 0 0 0 0 0 0 0 0 0 0 0 0 0 0 0 0 648250 0 0 0 0 0 0 0 0 0 0 0 0 0 0 0 0 0 0 0 0 0 0 0 0 0 0 0 0 0 0 0 0 0 0 0 0 0 0 0 0 0 0 0 631100 0 0 0 0 0 0 0 630825 0 0 0 642100 0 0 0 0 0 0 0 0 618200 646175 0 0 
0 0 0 0 0 0 0 0 0 0 0 0 0 0 0 0 0 0 0 0 0 0 0 0 0 0 0 0 0 0 0 0 0 0 0 0 0 0 0 0 0 0 0 0 0 0 0 0 0 0 0 0 0 0 0 0 0 0 0 631650 0 0 0 0 0 0 0 0 0 0 0 0 0 0 0 0 0 0 0 0 0 0 0 0 0 0 0 0 0 0 0 0 0 0 0 0 0 0 0 0 0 0 0 0 0 0 0 0 0 625050 0 0 0 0 0 0 0 0 0 0 0 0 0 0 639350 661925 0 644025 
0 0 0 0 0 0 614200 0 0 0 0 0 0 0 0 0 0 0 0 0 0 0 0 0 0 0 0 0 0 0 0 0 0 0 0 0 0 0 0 0 0 0 0 0 0 0 0 0 0 0 0 0 0 0 0 636775 0 0 0 648050 0 0 0 0 0 0 0 0 0 0 0 0 0 0 0 0 0 0 0 0 0 0 0 0 0 0 0 0 0 0 0 0 0 0 0 0 0 0 0 0 0 0 0 0 0 0 0 0 0 0 0 0 0 0 0 0 0 0 640850 0 0 0 0 0 0 0 647075 0 
0 0 0 0 0 0 0 0 0 0 0 0 0 0 662650 0 0 0 0 0 0 0 0 0 0 0 0 0 0 0 0 0 0 0 0 0 0 0 0 0 0 0 0 0 0 0 0 0 0 0 0 0 0 0 0 0 0 0 0 663150 0 0 0 0 0 0 0 0 0 0 0 0 0 0 0 0 0 0 0 0 0 0 0 0 0 0 0 0 0 0 0 0 0 0 0 0 0 0 0 0 0 0 0 0 0 0 0 0 0 0 0 0 0 0 0 0 0 0 0 0 0 0 0 0 0 0 0 659375 
