6500 6575 6875 6425 6300 6500 6525 6475 6350 6425 6850 6525 6650 0 6750 6825 6400 7050 0 6675 6725 6450 6400 6875 6625 0 6525 0 6925 6475 0 0 6750 0 0 6550 6525 6500 0 0 6500 0 6750 6625 6650 6575 0 6750 6400 
6650 6425 6500 6800 6250 6525 6625 6575 6775 6475 6975 6750 6725 6500 6950 6825 6675 6475 6575 6975 6525 6775 6675 6450 6675 6600 0 6475 0 6600 6525 6700 0 6750 6700 6625 6475 6550 0 0 0 0 6675 6650 6875 0 0 0 6625 
6925 6550 6425 6250 6425 6650 6800 6575 6800 6450 6225 6550 7025 6625 6750 6400 6800 6825 0 0 0 7075 6500 6800 6550 0 0 6400 6825 6900 6175 6475 6800 6775 6625 6550 6575 6400 6500 6750 6700 0 0 6625 6550 6525 6625 6600 6850 
6775 6775 6600 7075 6500 6550 6500 6700 6850 6925 6550 6550 6500 6800 6700 6800 6400 6400 6625 6725 6525 0 7025 6525 6525 6725 6625 0 6750 6825 6850 6425 6625 6550 0 6225 0 6650 6875 6525 6675 0 6550 6375 6700 6500 6900 0 0 
6300 6775 6275 6700 6400 6750 6550 6950 6625 6325 6375 6675 6775 6475 6500 6550 6750 6725 6650 6600 6800 6175 6525 6275 6775 6525 6550 6575 6625 6450 6500 6500 6350 6725 6475 6650 6525 7000 6525 6850 6700 0 6350 0 6450 6450 6675 6700 6650 
6875 6375 6550 6575 6700 6625 6700 6425 6750 6825 6625 6600 6575 6750 6825 6650 6475 6750 6350 6600 6825 6400 6450 0 0 0 6750 0 6850 6850 0 6750 6800 6600 6625 6675 0 0 0 6500 6825 6575 6500 0 0 6800 6575 6550 0 
6725 6675 6750 6650 6800 6750 6475 6250 6750 6600 6650 6725 6450 6650 6525 0 6375 0 6325 6550 6500 6300 6550 6675 6575 0 6200 6675 0 6725 6550 6775 6275 6900 6750 6650 6675 0 6400 6600 6825 6400 6575 0 0 6825 6850 6375 6600 
6425 6725 6450 0 6525 6450 0 6850 6250 6375 6575 6800 6450 6525 6900 6525 6300 6875 6800 6350 6300 6525 6450 6125 0 6800 6750 6325 6625 6900 0 6750 6625 6625 6475 6375 6400 6500 0 0 0 0 6800 6550 6600 0 6625 0 6650 
0 6950 6675 6475 6450 6650 6825 6725 6600 6500 6600 6300 6825 6400 6700 6625 6575 6825 6625 7075 6525 6700 6600 6450 7075 0 6625 6400 6275 6650 6325 0 6250 0 6675 6525 6675 0 6575 6525 6650 6550 6400 6625 6575 0 6675 0 6625 
6350 6775 6325 6650 6575 6550 6575 6700 6575 6625 6425 6625 6425 6675 6675 6525 6550 6600 6850 6575 6625 6375 6350 6775 6450 6500 6550 6550 6400 6700 6775 6600 6725 0 6850 0 6775 6475 6525 6550 0 0 6800 6350 6600 7175 6650 0 0 
6525 6675 6325 6600 6925 6550 6700 6750 6675 6525 6575 6550 6575 6625 6400 6775 6700 6550 6650 6475 0 7075 6800 7050 6575 6600 6500 6700 6600 6650 6650 6700 6525 0 0 6775 6600 6800 6600 0 6825 0 6875 0 6725 6675 6725 6725 0 
6525 6375 6550 6750 6700 6875 6325 6500 6075 6525 6250 6550 6525 6550 6350 6575 6675 6475 6800 6700 6500 0 6550 6625 6875 6900 6800 6775 6525 6725 6850 6750 6375 6475 6450 0 6525 6350 6550 6175 6775 6375 6375 0 6725 6250 6700 0 6875 
6575 6725 6725 6725 6750 6525 6500 6850 6675 6325 6300 6725 6875 6600 6600 6675 6450 6725 6375 6625 6575 6600 6750 6525 6250 6400 6575 6650 6450 6300 6900 6525 6650 6650 6800 6550 6575 0 6625 6275 6450 0 6650 0 0 6675 6600 6700 6375 
6075 6875 6625 6675 6725 6675 6575 6575 6575 6725 6575 6425 6425 6575 6400 0 0 0 6425 6775 6525 6775 0 6425 6525 6675 6450 6600 6575 0 0 6400 6975 6475 6500 6450 6725 6625 0 6725 6500 6625 6700 6500 6675 6650 6500 7050 6925 
6550 6475 6475 0 6750 6375 6450 6525 6825 6375 6750 6625 6675 6200 6725 6925 6675 6200 6400 6675 6625 6500 6525 6725 0 6650 6475 7000 6725 0 6400 6525 0 6400 6750 6725 6600 7100 0 6600 6125 0 6400 0 6725 6625 6600 6300 6600 
6500 6575 6575 6625 6650 6600 6725 6825 6775 6550 6750 6650 6525 6725 6375 6600 6550 6675 6475 6550 6525 6825 6625 6675 6875 6575 6450 6800 6700 6575 6575 6825 6500 6500 6975 6300 6625 6675 0 0 0 6400 6500 6825 6825 0 0 6500 0 
6700 6575 6800 6525 6550 0 6500 6700 6775 6950 6500 6550 6450 6350 6775 6675 6625 6675 6450 6425 6475 6625 6675 6475 6725 6425 6700 6625 6450 6650 6775 6800 6625 0 6775 0 6650 6575 6675 0 6900 6575 6675 6625 6750 6500 6950 6800 0 
6650 6575 6575 6325 6600 6700 0 6475 6675 6675 6625 6450 7075 6550 6650 6500 5900 6725 6475 6800 6675 6450 6675 6525 6775 6600 6825 6775 6575 6950 6500 6575 6575 6600 6625 6500 6550 6425 6400 6950 6650 6450 0 6775 6650 6675 6825 6275 6875 
6400 0 6575 6800 6900 6625 6475 6500 6450 6350 6725 6750 6925 6625 7000 6250 6725 6325 6600 6375 6500 6525 6550 6325 6600 6750 6600 6550 6350 6550 6725 6575 6350 6400 6575 6475 0 6550 6800 7100 6275 6750 6475 6500 6525 6675 6500 6625 6700 
6725 6550 6525 6625 6625 6800 6225 6700 6675 6975 6775 6350 6525 6425 6550 6625 6575 6875 6550 6550 6700 6700 6600 6725 6700 6825 6600 6200 6550 6675 6350 6450 6800 6775 6775 6975 6475 6875 6575 6425 6600 7050 0 0 6625 0 6625 6450 6800 
6750 6600 6575 6775 6625 6400 6550 6650 6475 6675 6450 6675 6475 6775 6875 6675 6425 6500 6625 6450 6550 6700 6375 6625 0 6750 6675 6825 6500 6625 6650 6850 6700 6475 6800 0 6850 0 6875 6625 6475 6650 6625 0 0 6325 6550 6675 6725 
6525 6425 6450 6500 0 0 6700 6650 6650 6250 0 0 6450 6500 6625 6600 6800 6825 6800 6550 0 6600 6550 6450 6625 6600 6650 7050 6700 6675 6450 6575 0 6575 6775 6800 6675 6350 6500 0 6500 6650 6750 6575 6675 0 6400 0 0 
6600 6675 6550 6700 6825 6475 6500 6150 6725 6700 6575 6350 0 6300 6550 6725 6875 6475 6475 6400 6525 6350 6800 6725 6425 6475 6800 6575 6500 6475 6400 6925 0 0 0 6975 6625 6400 6175 6725 0 0 6500 6775 6750 6650 6775 6525 6425 
0 6600 6625 6700 0 0 6925 6600 6675 6850 6775 6550 6525 0 6375 6575 6550 6575 6550 6875 6450 6550 6850 6575 6500 6675 6800 6775 6450 6550 6900 6700 6275 6800 6650 6675 6500 6625 6800 0 6900 6450 6550 6675 6525 6525 6425 0 6925 
0 0 6400 6875 6200 6625 6350 6550 6900 6275 6550 6775 6725 6650 6325 6550 6450 6475 6700 6550 6450 6550 6325 6925 6850 6550 6525 6575 6825 6800 6450 6150 6325 6500 6500 6550 6675 0 6200 6550 6525 6650 0 6650 6700 7050 6375 6575 6600 
0 0 6425 6650 6675 6375 6600 6825 6425 6650 6375 6325 6925 0 6425 6750 6750 6575 6725 6800 6975 6800 6625 6250 6700 6675 6700 6725 6575 6875 6775 6625 6250 6175 6475 6400 6450 6725 6725 6550 6850 0 0 6675 6475 6700 6475 6475 6775 
6600 6900 6850 6850 6775 6725 6725 6650 6675 6525 6650 6825 6600 6375 6650 6475 6550 6450 6475 6575 6475 6400 6425 6675 6425 6550 6800 6675 6550 0 6875 6625 6950 6200 6575 6750 0 6750 6450 6475 6725 6700 0 6725 6925 6800 6750 6700 6925 
0 0 6600 6600 6475 6450 6450 0 0 6650 6575 6900 6450 6575 6700 6675 6625 6775 6575 6650 6625 6350 6925 6575 6875 6425 6750 6600 6675 6875 0 6900 6650 6700 6700 6525 0 6800 6725 6675 6675 6725 6400 6475 6500 6375 6775 6250 6575 
7100 6725 6475 0 6825 6600 0 6475 6400 6475 6800 6550 0 6750 6475 6575 6575 6300 6750 6425 0 6500 6400 6450 6375 0 6675 6725 6825 6675 6600 6500 6850 6700 6825 6600 6700 0 6875 0 6825 6100 6600 6250 0 6450 6325 6600 0 
6625 6650 6475 6525 6475 6750 6500 6775 6500 6625 6375 6250 6325 6725 6725 6725 6900 6550 6225 6725 6475 6525 6725 6850 6550 6225 6650 6650 6675 6450 6825 6525 6500 6575 6900 6300 6475 6675 6700 6500 0 6625 6650 6675 6675 0 6400 6675 6500 
7100 6775 6775 6725 6800 0 6575 6575 6775 6525 6650 6450 6775 0 6425 6325 6525 6325 6675 0 6600 6575 6425 6350 6525 6275 6675 6175 6325 6775 6775 6450 6875 7000 6675 6275 6475 6275 6375 6725 0 6550 6700 6975 6525 6600 6750 0 6575 
0 6900 6775 6575 6650 6250 6875 6625 6725 6450 6675 6575 6450 0 0 6650 6425 6450 6625 6700 6850 6525 6600 6550 6725 6775 0 6425 6150 6600 6725 6500 6400 6525 6750 6600 6475 6825 6575 6550 6600 0 6875 6400 6425 6550 6625 6500 6550 
6625 6325 6625 6575 6275 6825 6700 6575 6675 6850 0 6650 6475 6575 6525 6900 6500 0 6800 6675 6650 0 6800 6575 6400 6625 6575 6625 6425 6500 6650 6650 6750 6450 6525 6700 6525 6475 6575 6725 6675 6550 6500 6425 6675 6575 6900 5975 6600 
0 6175 6450 6625 6950 6450 6500 6450 0 0 0 6775 6350 6275 0 6700 6350 6625 6550 6375 6575 6700 6800 6950 6850 6250 6625 6100 6675 6825 6425 7050 6700 6675 6525 6150 6475 6750 6725 6600 6650 6775 6650 6425 6675 0 6325 6300 6550 
6500 6350 0 6225 6450 6375 6525 6300 6600 6375 6725 6475 6850 6600 0 6450 6775 6275 6875 6925 6275 6625 6650 6800 6475 6700 6500 6700 6375 6550 6425 6275 6475 6725 6500 6750 6700 0 6850 6800 7125 6675 6450 6550 6475 6600 6250 6725 6450 
6500 6575 6775 6625 0 0 6600 6900 6925 6550 6450 0 6475 0 6650 6750 6450 0 0 0 6625 6775 6675 6600 0 0 0 6750 6725 6550 7000 6975 0 6825 6625 6575 6775 6500 6725 6525 6350 6625 6275 6475 6775 6775 6800 6575 6450 
0 6575 6750 6950 6650 0 0 0 6350 6650 0 6275 0 0 0 6575 6350 6475 0 0 6800 6800 6425 6500 6525 6400 6300 6750 6875 6525 6750 6650 7075 6725 6725 6875 6650 6425 6600 6475 6800 6525 6550 6275 6700 6875 0 6550 6600 
6650 6475 6475 6725 6750 0 0 6225 0 6675 6650 0 0 0 0 0 6550 6325 6225 0 6600 6725 0 6350 6675 6825 6325 6700 6925 6475 6625 6575 6350 6575 6500 6675 6525 6450 6825 6950 6375 6575 6625 6625 6525 6900 6800 6675 6700 
6900 6750 6875 6450 6800 0 6450 0 0 6850 7075 6600 0 6850 0 6825 6450 6450 6600 6400 0 0 6450 6475 6625 6975 6525 6750 6900 6550 6325 6750 6750 6275 6475 6550 6800 6725 6400 6275 6625 6675 6725 6900 6550 6450 6575 6800 6600 
6575 0 6275 6475 6500 6650 0 0 0 6650 0 6475 6750 0 0 6325 6825 6600 6900 6400 6675 6350 0 6400 6600 6675 6375 6800 6600 6575 6475 6650 6575 6650 6825 6600 6475 6925 6575 6550 6575 6275 6325 6550 6650 6425 6500 6525 0 
0 6800 6675 0 6700 6750 6325 0 0 6625 6450 6950 6925 6475 0 6575 6600 6550 6675 6875 6550 0 6675 6725 6525 6575 6925 6675 6650 6625 6500 6725 6500 6850 6400 6600 6400 6800 6450 6625 6525 6725 6375 6500 6650 6700 6500 6550 6550 
6825 0 0 6875 6800 6575 6800 6450 6500 6550 0 6575 6175 6600 0 0 6825 0 6975 6625 6600 6650 0 6500 6875 6475 6425 6600 6375 6325 6725 6700 6575 6625 6550 6500 6650 6200 6575 6775 6900 6875 6325 6850 6600 6725 6575 6550 6650 
6525 6575 0 0 0 0 6450 6500 6900 0 0 6625 0 6600 6475 6200 0 0 0 0 0 6525 6425 6775 6750 0 0 0 6200 6825 6450 6575 0 0 6550 6550 6425 6725 6600 6400 6775 6325 6550 6400 6525 6450 6700 6500 6525 
6900 6525 6550 0 6800 0 0 0 6725 6675 6800 6275 0 6375 0 6500 6325 6900 0 6700 6600 6600 6625 6650 6575 6700 6800 6825 6575 6625 6600 6525 6175 0 6550 6550 6675 6375 6450 6600 6975 6600 6775 6550 6500 6675 6250 6350 6525 
0 0 6725 6750 6525 0 0 0 6500 6800 6500 6975 6450 6750 0 6850 6475 6400 6625 7000 7025 6725 6675 6625 6675 6500 6700 6575 0 6425 6700 6625 6825 0 6625 6650 6275 6550 6675 6200 6875 6400 6450 6375 6775 6475 6525 6750 6700 
0 6750 6500 6300 6225 6675 6500 6875 6575 6825 6625 6675 0 0 6475 6425 6850 6625 6775 6350 6350 6700 6750 6475 6700 6800 0 6825 6625 0 7075 6650 6475 6800 6625 6550 6425 6800 6750 6875 6725 6500 6450 6625 6575 6375 6350 6425 6350 
6850 0 0 6125 6425 6375 6925 6600 6925 0 6750 6650 6675 0 0 0 6800 6900 6425 6925 6875 6775 6425 6800 6300 6725 6525 6975 0 6425 6500 6700 6500 6600 6350 6550 6675 6500 6775 6425 6800 6425 6625 6425 6750 6300 6900 6750 6875 
0 0 0 6675 6650 6275 6500 0 6675 0 0 6775 6625 6375 6925 6375 6050 0 0 6550 6825 6425 0 6700 6600 7000 6575 6400 6700 6625 6250 6675 6550 6850 6825 6550 6550 6825 6650 6800 7050 7150 6925 6425 6850 6800 6375 6750 6950 
6675 6550 6650 6575 6850 6525 6475 6825 0 6750 0 6400 6550 6600 6700 0 6725 6875 0 6600 6725 6500 6400 6575 0 0 6550 6525 0 6925 6475 6600 6775 6575 6925 6475 6725 6725 6625 6675 6625 6875 6700 6550 6550 6375 6225 6875 6475 
