96750 100900 106850 0 0 0 0 103775 103975 0 0 0 0 0 102875 103625 0 0 0 0 0 102600 106975 0 104425 0 0 0 0 0 0 0 0 0 0 0 0 0 0 0 0 0 0 0 0 0 0 0 0 
0 105375 103300 0 102125 102950 101350 0 100250 101775 101475 103625 97775 102025 100475 104000 99600 103150 0 105825 0 0 104075 98875 102450 0 0 0 0 102350 0 98300 0 0 0 0 100250 0 0 0 0 0 0 0 0 0 0 0 0 
0 100575 104625 104000 106125 0 0 0 0 99300 0 0 0 0 0 108025 101425 101700 0 0 0 100400 98900 101950 104550 0 0 0 0 0 105100 103250 0 0 0 0 105400 100900 0 0 0 0 0 0 105950 0 102450 0 0 
103200 0 0 0 103650 0 0 0 99175 104500 0 0 0 0 0 104575 100175 0 0 0 0 0 103150 99525 105375 0 0 0 0 0 102275 98925 0 100625 103675 0 0 0 0 0 0 0 0 0 0 106000 0 0 0 
0 0 0 0 0 0 0 0 0 0 0 0 0 0 0 0 0 0 0 0 0 0 104375 103425 100900 105125 99625 0 0 0 0 103725 104550 98225 0 0 0 0 0 0 0 0 0 0 0 0 0 0 0 
0 0 0 0 0 0 0 0 0 0 0 0 0 0 0 0 100275 104525 0 0 0 0 0 0 100700 105950 106025 0 0 0 0 0 104925 102500 0 0 0 0 0 0 0 0 0 0 0 0 0 0 0 
0 0 0 0 0 0 103125 0 0 0 0 0 0 103550 0 0 0 0 0 0 0 0 0 0 103350 101675 102975 102100 0 0 0 0 100975 103650 0 0 0 0 0 0 0 0 0 0 0 0 0 0 0 
102300 100400 108650 104750 0 0 0 100550 100725 104250 0 97275 0 0 96525 108525 103500 107175 0 0 0 99450 102325 105275 106500 0 0 0 0 0 0 103275 0 0 0 0 0 0 0 0 0 0 0 105575 0 0 0 0 0 
0 0 0 0 0 0 0 0 103950 104125 0 0 0 0 98800 104700 0 0 0 0 0 0 103575 0 100575 0 0 0 0 101175 0 0 0 0 0 0 99575 0 0 0 0 0 0 0 0 0 0 0 0 
0 103575 105150 102850 0 0 0 102550 0 105675 101650 0 108900 0 0 99125 100500 99775 0 0 0 0 104300 99650 103300 98400 0 0 104575 0 101050 102325 0 99750 0 101500 0 106950 0 0 0 0 0 97675 0 0 0 0 0 
0 103775 103950 101625 0 0 0 100475 0 100600 102500 0 102050 0 101625 98800 103775 105500 104925 0 0 0 104450 98950 101300 104300 0 0 0 0 103800 104325 0 0 0 0 0 0 0 0 0 0 0 0 0 0 0 0 0 
0 102850 101700 0 0 106725 0 0 0 0 0 101600 104000 0 0 0 101775 97200 0 104025 0 0 0 0 102875 95600 101750 0 0 0 0 0 105800 101300 0 0 0 0 0 0 0 0 0 0 0 0 0 0 0 
0 0 0 0 0 0 0 0 0 0 0 0 0 0 0 0 0 0 0 0 0 0 103200 101475 104900 105225 103225 0 0 0 0 99550 98825 103350 0 0 0 0 0 0 0 0 0 0 0 0 0 0 0 
0 0 0 0 0 0 0 0 0 0 0 108075 0 107875 0 0 0 0 0 0 0 0 0 0 100375 101450 100650 103900 0 0 0 0 103725 106625 0 0 0 0 0 0 0 0 0 0 0 0 0 0 0 
99000 106525 103775 0 0 0 0 99600 103225 97250 0 0 0 0 101650 103475 104125 102500 0 0 0 95250 104375 107700 101250 0 0 0 0 0 106325 102850 0 0 0 0 0 0 102250 0 0 0 97650 0 0 0 0 0 0 
0 0 0 0 0 0 0 0 100350 0 104625 0 0 0 103275 100675 103300 102250 102700 0 0 0 101925 0 106475 0 0 0 0 97750 0 109150 0 0 0 0 102650 0 0 0 0 0 0 0 0 0 0 0 0 
0 0 102650 0 0 0 0 102125 0 98500 0 0 0 0 0 0 102450 101725 0 102325 0 0 0 101475 101050 107700 0 0 0 0 102500 104450 106100 0 0 0 0 0 0 0 0 0 0 0 0 0 0 0 0 
0 97075 101500 0 0 0 0 104650 0 107500 0 0 0 0 103250 103675 102825 101150 98750 102875 0 100850 105075 0 101425 100975 105100 0 99650 0 0 0 100925 103750 0 104400 0 0 104200 0 0 99475 104500 0 0 0 0 103525 0 
0 0 0 0 0 0 0 0 0 0 104375 105925 0 0 0 0 102075 102425 103425 0 101450 0 0 0 99600 105700 106250 102000 0 0 0 0 105025 103925 0 0 0 0 98575 98675 106350 0 0 0 0 0 0 0 0 
0 0 0 0 0 0 0 0 0 0 0 0 0 0 0 0 0 0 0 102450 98175 0 0 0 102250 104850 105875 0 0 0 99075 0 99050 102525 0 0 0 0 0 0 0 0 0 0 0 0 0 0 0 
0 0 0 0 0 0 106225 0 0 99350 0 0 0 104025 0 0 0 0 0 0 0 0 0 0 0 105975 103775 107225 0 100225 0 0 106400 104125 0 0 0 0 104275 0 0 0 0 0 0 0 0 0 0 
0 0 0 0 0 0 0 105150 0 0 0 0 0 0 103075 0 98450 0 0 100375 0 100100 105250 97675 103225 98600 101525 0 102300 0 101850 0 98200 99300 0 98375 104825 0 0 0 0 0 0 0 0 0 0 0 0 
0 100475 0 99225 0 0 0 0 103950 100000 0 0 0 0 104450 104825 0 106550 0 0 0 97300 100925 101000 105000 0 0 0 0 101125 0 0 0 0 0 0 101125 0 0 0 0 0 0 0 102375 0 0 0 0 
0 0 98050 0 0 0 0 0 0 100750 106425 105350 0 104325 97375 0 105750 0 0 0 105125 0 0 107125 103975 96000 0 102650 99925 104125 107725 0 101975 103800 0 0 0 102600 0 0 0 0 100825 0 0 0 0 0 102725 
0 0 103475 0 0 102050 0 0 0 0 104450 98325 0 101675 0 102975 0 107125 0 0 0 0 0 0 98250 99750 99775 100225 0 0 0 0 100850 103825 0 0 0 0 101475 0 0 0 0 0 0 0 0 0 0 
0 0 0 0 0 0 0 0 0 0 0 0 0 0 0 0 101475 103825 102875 107400 0 0 104800 103475 101025 101675 102175 94850 0 0 0 104650 103900 105425 0 0 0 0 0 0 0 0 0 0 0 0 0 0 0 
0 0 0 0 104700 102675 100900 0 0 0 0 0 99150 102625 0 104900 0 0 0 101775 0 0 0 0 103275 97875 103650 0 0 0 0 0 104725 103150 0 0 0 0 0 0 0 0 0 0 0 0 0 0 0 
0 0 0 0 0 0 104750 0 0 0 0 0 0 0 0 0 0 0 102100 106975 97475 0 0 0 99275 101825 101250 104225 0 0 0 100800 104950 102250 101200 0 0 0 0 0 0 0 0 0 0 0 102900 0 102175 
0 0 0 0 0 0 0 101025 0 0 0 0 0 0 104300 103650 102450 101025 99075 0 0 106425 105700 103700 96175 0 0 0 107150 97350 98500 100525 101000 0 0 102500 0 100000 101475 0 0 0 103125 103875 105375 101600 0 0 0 
0 0 0 0 0 0 0 0 103400 0 0 0 0 0 102900 98650 101300 0 0 0 0 0 104225 102350 104625 0 0 0 0 99850 103625 0 98675 0 0 98575 102475 0 0 0 0 0 105300 100900 0 0 0 0 0 
0 0 0 0 0 0 0 0 0 103850 0 0 0 102775 0 0 105175 0 0 0 0 0 96300 101050 105475 101450 102200 101100 0 0 103675 102225 0 103400 0 0 0 0 0 0 0 0 0 0 0 0 0 0 0 
0 0 0 102325 0 0 0 0 0 0 0 0 0 0 0 0 100175 102900 0 0 0 0 103600 103325 104125 104925 102500 107525 103300 0 104225 99200 108000 99425 0 0 0 106250 102950 0 0 0 0 108500 0 99225 0 0 0 
0 103700 101275 0 0 0 0 0 106525 102900 0 0 0 0 0 96300 0 106800 0 0 0 0 105250 98325 102050 105200 101625 101975 0 0 102850 101450 99850 101675 106475 0 0 102550 99525 0 102550 102700 0 0 104350 99125 97800 104650 0 
0 0 0 0 100800 0 0 0 0 0 0 0 0 0 0 0 99650 103800 0 0 0 0 100625 99600 101900 103100 102575 102625 0 0 0 99750 102900 102175 105025 0 0 0 0 0 0 0 0 0 0 0 0 104550 99800 
0 0 0 0 0 0 0 0 0 0 0 0 0 0 0 0 102950 101750 99650 0 0 0 0 0 100675 98800 96825 103675 0 0 0 0 99550 97425 0 0 0 103425 0 0 0 0 0 0 0 0 0 0 0 
0 0 0 0 0 0 0 0 101875 0 0 0 0 0 101375 98900 97800 103025 0 0 0 0 100450 104175 107525 0 0 0 105475 102475 0 108125 0 0 0 102900 103000 0 99475 0 0 103450 103050 0 0 0 0 0 0 
0 0 0 0 0 0 0 0 99550 0 0 0 0 0 100800 98825 0 100175 0 0 0 0 100300 100900 103875 0 0 100825 95525 97250 102850 0 0 0 0 104675 100950 101500 0 0 0 0 0 103100 0 0 0 0 0 
0 96750 0 0 102825 0 0 0 0 105600 0 0 0 0 0 0 105050 105300 0 0 0 0 99800 100125 100400 106550 0 0 0 0 103325 105925 0 0 0 0 109525 105600 0 100675 98225 0 0 0 103300 103150 0 0 0 
0 101650 100200 0 0 0 0 0 0 99525 0 100925 0 0 0 103050 0 103225 102525 0 0 0 104425 100150 100400 104300 105000 0 0 100950 0 101250 101350 100600 0 103625 0 0 100100 102650 102725 0 104725 0 0 97075 103350 0 0 
0 0 0 0 0 0 0 0 0 0 0 0 0 0 0 0 0 0 0 0 0 0 102350 102575 101000 105900 99525 0 0 100850 0 105300 100900 103425 0 0 0 0 97375 98150 94800 0 0 0 0 101575 106450 0 0 
0 0 0 0 0 0 0 0 0 0 0 0 106075 0 0 0 0 0 0 0 0 0 0 0 102800 101450 101100 0 0 0 0 104425 100875 102500 0 0 0 102700 0 0 0 0 0 102275 0 0 0 0 0 
0 0 0 0 0 0 0 0 0 0 0 0 0 0 0 0 103375 102350 0 0 0 0 0 0 96925 105375 97475 0 0 0 0 0 106625 104275 0 0 0 0 0 0 0 0 0 0 0 0 0 0 0 
0 105150 101075 0 0 0 0 102150 104150 100825 105475 103650 0 0 101050 100050 0 101875 103350 0 0 0 99175 103275 106275 107700 0 0 101950 103625 101850 103150 0 99400 0 103475 106350 107225 104775 0 0 0 101675 101975 0 97975 0 0 0 
104225 106750 105000 0 102750 0 0 0 101875 100575 0 0 0 0 100725 103975 103750 104925 0 0 0 0 104050 104475 97950 107225 0 105350 0 101400 100200 104275 104525 101850 102375 0 105750 0 106200 0 95475 106250 0 102075 104000 97550 99100 96725 99050 
0 104475 0 0 0 0 0 0 0 100600 0 0 0 0 0 0 99525 104600 0 0 0 104100 101225 102675 103425 0 0 0 0 0 100275 100450 0 0 0 0 101950 104125 0 0 0 0 0 100525 99075 0 102400 0 0 
0 0 0 0 0 0 0 0 0 0 0 0 0 0 0 0 0 0 0 0 0 0 103375 104100 105000 101925 101300 0 0 0 0 101000 95425 104400 0 0 0 103775 99425 102575 0 0 0 0 0 102200 104950 0 0 
0 0 0 0 0 0 0 0 0 0 0 0 0 0 0 0 108225 106175 100750 109625 0 0 102400 103500 100400 104825 101600 0 0 0 0 107650 101825 105525 0 0 0 0 100650 0 0 100000 0 0 0 0 0 101200 0 
0 0 0 0 0 0 0 0 0 0 0 0 0 0 0 0 0 0 0 0 0 0 104800 101575 97550 110675 105275 0 0 0 0 99375 96025 101600 0 0 0 0 0 0 0 0 0 0 0 0 0 0 0 
0 0 0 0 0 0 0 0 0 0 0 0 0 0 0 0 0 0 0 0 0 0 0 0 104150 102325 101600 104100 0 0 0 0 101850 102775 0 0 0 0 0 0 0 0 0 0 0 0 0 0 0 
