673850 634025 652350 654600 668275 631225 615025 640725 628550 620575 610550 602050 636100 633550 680025 610925 646700 650925 642625 643600 643675 626400 647675 660725 601150 621875 629675 657525 662500 643875 654925 652450 660175 652350 620200 651125 621975 644675 626400 652825 654150 667400 639125 611125 603525 623425 606625 619200 628850 
661275 641250 0 0 0 0 0 0 603475 625750 0 0 0 671875 0 0 643375 0 0 0 643725 0 627925 0 598475 0 0 635875 0 641425 0 642550 0 0 634375 0 0 0 637475 0 0 0 0 666650 0 642525 0 0 0 
0 652175 607375 669925 0 0 634050 0 0 636925 0 0 0 0 0 630875 0 0 0 0 662425 0 0 635725 608500 0 0 658275 0 0 0 641100 0 621450 642050 0 0 642800 610375 0 0 667825 0 0 662450 616425 0 667500 0 
0 0 0 647175 654725 0 0 0 0 0 671575 0 0 0 0 0 0 0 0 0 621175 0 0 0 616425 623550 0 603325 0 0 0 0 0 0 658650 0 0 0 641675 623275 0 637525 0 0 0 631725 642775 643000 0 
0 622725 608825 0 649100 0 0 0 626475 0 0 625650 0 630000 0 0 0 0 0 0 0 0 0 0 624125 630550 0 659175 0 0 0 0 650650 0 652525 0 0 0 0 0 0 623750 0 0 0 0 640575 628000 0 
0 0 0 0 645950 658550 648500 0 0 0 0 0 0 0 0 0 0 0 0 0 0 0 0 0 625225 0 0 658450 0 0 0 0 0 0 667900 0 0 0 0 0 0 633850 0 0 0 0 0 0 0 
0 647500 647800 0 0 639675 642100 0 0 0 0 638050 0 0 0 0 0 0 0 0 625575 0 0 0 651975 0 0 670175 0 0 0 0 0 0 0 0 0 0 0 0 0 0 0 0 0 0 0 0 0 
0 0 0 0 0 0 0 646650 0 609600 0 0 0 654325 0 652375 616100 0 0 0 629600 641775 617050 0 654875 667000 628250 634600 0 0 652350 649875 0 642175 0 0 0 0 0 0 0 0 0 0 0 642925 0 0 0 
0 666725 607350 0 0 670550 0 0 665250 0 0 628575 644475 0 0 0 631375 0 0 0 638625 0 0 655250 638575 0 0 651950 0 0 0 646000 0 656200 657650 0 0 0 640300 639750 0 0 0 0 0 0 0 649150 0 
0 0 688400 0 0 0 0 0 641850 638825 629900 0 0 629825 0 0 0 0 0 0 613525 0 0 618575 624600 637125 0 648050 0 655850 615000 682275 0 0 648375 0 0 0 624625 657375 0 646975 0 0 0 642375 665475 633175 0 
0 0 0 0 0 0 0 633450 642800 614575 689100 0 0 641675 0 0 0 0 0 0 0 0 0 619575 643175 597675 0 638425 0 0 0 0 0 0 647650 639800 0 0 0 0 0 624925 0 0 619550 636600 0 639550 0 
0 0 0 0 639175 0 0 0 0 0 650275 629125 0 656850 0 0 0 647325 0 0 0 0 0 0 629525 0 0 622075 0 0 0 0 0 657275 682625 0 0 0 0 633625 0 615700 0 0 0 0 667800 636675 0 
0 0 0 0 0 0 0 641175 0 0 0 684800 614675 0 0 0 0 0 0 0 0 635350 0 0 681475 0 0 0 0 0 0 601875 0 0 0 0 0 0 0 0 0 0 0 0 0 0 0 0 691300 
0 0 0 0 0 0 0 636450 0 0 0 622950 640875 640725 0 0 0 0 0 0 0 0 0 0 623600 647175 0 0 0 0 0 0 0 0 0 0 0 0 0 655475 0 0 0 0 0 0 645725 648325 0 
653925 0 0 0 0 0 0 0 0 0 0 0 0 0 643125 0 0 662650 608375 0 0 0 609375 0 660925 0 0 0 0 623675 0 633050 0 649450 661375 0 0 0 609825 633575 0 0 0 0 0 654900 651950 0 0 
0 630225 644675 0 0 0 0 0 626825 0 0 0 0 664250 0 632575 0 0 0 0 0 0 672850 0 646575 0 0 618275 0 0 0 648400 0 614075 658975 625225 0 662425 617725 653600 0 662850 0 0 0 651450 644200 630650 0 
0 0 0 0 0 0 0 0 0 0 636925 0 0 0 641525 0 619925 0 0 630600 649700 622225 0 0 654075 0 0 637650 0 625150 0 647375 0 622950 645000 635825 0 0 626275 642300 0 629400 0 620100 0 643150 645875 619775 0 
0 604425 0 616350 0 0 0 0 0 643475 668875 0 0 653425 603175 0 649950 633125 0 0 626825 0 0 0 647125 0 0 635750 0 630575 0 636775 0 0 637150 0 0 0 614775 0 0 640025 0 0 0 0 0 0 0 
0 0 0 0 0 0 0 0 0 0 0 0 0 0 628225 0 0 661825 632475 0 658050 640050 0 0 660875 647550 0 637125 632625 0 0 653525 0 628400 672750 0 0 0 0 674125 613525 621350 0 0 0 0 0 0 0 
0 0 0 0 0 631175 0 0 0 0 0 0 0 0 0 652450 0 0 636225 660825 629525 0 0 0 603075 619275 0 0 0 651350 0 0 629775 0 637575 0 665975 0 0 0 0 0 0 0 0 0 0 637500 0 
0 0 0 0 661850 0 0 0 0 0 0 0 0 0 639225 0 0 663325 0 0 636700 0 673500 0 639125 0 0 0 645250 658950 0 625700 589350 0 0 0 0 0 0 661675 652500 0 0 0 0 0 0 0 0 
0 0 0 0 0 0 0 668125 0 0 647350 0 0 0 640675 0 0 0 0 0 605625 632675 0 656175 627400 0 0 621900 0 647400 0 647475 0 648500 627900 630350 0 0 607850 631275 0 617850 0 643000 648175 663375 632725 627525 0 
0 669975 0 629000 0 0 0 0 0 0 0 0 0 0 0 663250 0 0 0 0 619550 0 657325 602825 632825 648500 0 652225 0 634750 0 592200 0 650525 638375 0 0 0 629550 633625 0 675625 0 0 0 664575 653600 641500 0 
0 0 0 0 0 0 0 662600 0 660000 0 0 0 642150 0 644675 642750 0 0 0 635850 0 598225 606875 622975 0 644750 645225 643625 0 644350 653050 0 647175 0 0 0 632500 0 653925 0 638225 0 0 0 602300 646400 647250 0 
619525 625600 640350 641575 659200 632200 623475 622725 614200 638500 625750 622800 642950 652975 656225 634075 623225 629975 649500 634900 625100 635075 623825 664675 643800 621675 656475 646325 634625 648625 589625 635850 658450 623975 660450 637675 656875 634250 654500 645975 660250 624825 637150 637325 641225 627675 656150 661875 626175 
0 0 0 0 643800 0 0 0 617600 0 0 628575 618425 0 0 0 655275 0 0 0 634650 0 0 645575 617825 608025 0 632225 0 0 0 640750 0 607775 629975 0 0 0 638575 620125 0 0 0 0 0 0 634875 632025 0 
0 0 0 0 0 0 0 615825 0 0 0 0 0 0 0 0 643500 0 0 0 667300 670050 607825 0 601225 631325 631425 604225 0 0 0 0 0 668250 660500 0 0 0 0 0 0 669150 0 0 0 0 0 0 0 
0 0 0 0 0 0 656375 0 0 0 0 0 0 669000 0 0 0 0 0 0 0 0 0 0 665900 0 635575 623700 0 0 0 0 0 654100 0 0 0 0 0 0 657075 656300 0 0 0 0 0 648925 0 
0 0 0 0 0 0 0 597775 0 0 0 648825 0 0 641075 0 0 0 0 0 609275 612450 0 0 640875 659750 0 639000 647175 0 0 609925 0 646750 643350 0 0 0 0 653425 0 633650 0 0 640500 0 0 0 0 
0 0 0 0 0 0 0 0 642250 0 0 0 0 0 0 0 0 0 0 0 637300 0 0 657350 646375 0 0 590425 647050 607375 631050 0 0 0 618625 644350 0 0 647025 651450 0 676925 642125 0 645450 669625 623325 639200 0 
0 0 0 0 0 0 0 0 0 0 0 0 0 0 0 664900 0 0 0 0 0 0 647425 0 636400 0 0 0 654325 0 634925 604350 0 652400 620650 0 0 0 623625 676275 0 628175 0 0 648675 642450 641425 609675 0 
0 0 0 0 0 0 0 0 632675 0 0 0 0 0 659900 0 0 0 0 0 0 0 614775 0 650975 0 0 0 0 606575 613650 667600 0 612875 657450 0 0 667300 661975 644375 0 0 0 0 642150 653500 638050 0 0 
0 0 0 0 0 0 0 0 0 0 0 0 0 0 0 0 0 0 0 0 0 0 654575 0 651900 629800 0 626200 0 634275 0 0 641425 659900 647100 644575 0 0 661325 649150 0 650150 0 0 0 0 656000 634725 0 
0 0 0 0 0 603850 628775 0 0 0 0 0 0 0 0 0 0 0 0 0 0 0 0 0 642950 0 0 0 0 0 634300 654850 0 651200 646875 0 0 0 0 0 0 650775 0 0 0 0 0 0 632025 
659850 0 0 0 0 0 0 0 0 0 0 0 0 0 0 0 0 0 0 0 644750 0 0 0 640450 0 0 0 0 0 0 0 650275 604125 616725 0 0 0 0 0 0 0 0 0 0 0 0 0 616875 
0 0 0 0 0 0 0 0 0 0 0 0 0 0 659025 0 0 0 0 0 0 0 620625 0 626525 0 0 0 609025 605350 0 0 0 0 0 648350 0 0 0 670725 607875 635275 0 0 646400 633075 627225 639200 0 
0 0 0 0 0 0 0 0 0 0 0 0 0 0 0 680050 0 0 0 0 0 0 0 0 633300 0 0 0 0 630425 0 0 0 0 626675 0 639975 0 0 0 650375 0 0 654025 0 0 0 626550 0 
0 0 666900 0 0 0 0 0 0 626225 0 0 0 0 0 0 0 0 0 0 0 0 0 668675 617500 0 0 645775 0 0 616175 0 0 0 0 0 0 644225 0 646450 0 642500 0 0 642125 640875 643975 667525 0 
0 0 0 648450 0 0 0 0 0 0 0 0 0 0 0 0 0 656025 0 0 0 0 0 0 633625 0 0 0 0 0 0 664400 628325 0 0 0 0 0 619825 657000 0 596625 0 0 0 628500 640375 651125 0 
0 0 642025 0 0 0 0 0 0 0 0 0 0 0 0 0 0 0 0 0 0 0 0 0 634600 0 0 0 0 0 0 0 0 0 0 630050 0 0 672475 661825 0 642650 650425 625100 0 642400 692200 637050 0 
0 0 0 0 0 642875 0 0 0 0 0 0 0 0 0 0 0 0 0 0 0 0 0 0 646725 0 0 0 0 0 0 0 0 0 0 0 0 610850 649725 0 626000 632425 0 0 640150 683300 0 0 0 
661800 0 0 0 0 0 621100 0 0 0 0 0 0 0 0 0 0 0 0 0 653800 0 0 0 649750 0 0 614150 0 0 0 0 0 0 0 0 0 0 0 0 664850 656525 0 0 0 0 0 0 0 
0 0 0 0 0 0 0 0 0 0 0 0 0 0 0 0 0 0 0 0 0 0 0 0 655925 0 0 0 0 0 0 0 0 0 0 637475 0 0 0 0 0 671650 632925 0 0 0 625175 589275 621875 
0 0 0 0 0 0 0 0 0 0 0 0 0 0 0 0 0 0 0 0 0 0 0 0 632950 0 0 0 0 0 0 0 0 0 0 0 622750 0 618300 0 0 0 0 633200 0 653525 653900 0 0 
0 0 0 0 0 0 0 0 0 0 0 0 0 0 0 0 0 0 0 0 0 0 0 0 632975 0 0 0 0 0 612050 0 0 0 0 0 0 650550 650900 0 648525 0 0 0 656875 634700 0 0 0 
628300 0 0 0 0 0 0 0 644250 0 628075 0 0 0 0 0 0 649900 0 0 0 0 646125 0 650075 0 0 642650 0 631350 0 0 0 0 634600 0 0 0 0 644600 0 608850 635950 639575 0 632000 625150 646950 0 
0 0 0 0 0 0 0 0 0 0 0 583575 0 648475 0 0 0 0 655125 0 0 0 0 0 600300 637450 0 0 0 0 0 0 625200 0 0 0 0 0 0 633025 0 645275 0 0 0 0 649750 590500 0 
0 0 0 0 0 0 608450 0 0 0 0 0 0 0 0 0 0 0 0 0 0 0 0 0 628625 0 642750 0 0 0 0 0 0 628050 0 0 0 0 0 0 639750 0 644450 0 0 0 0 628575 616275 
0 0 0 0 0 0 0 0 0 0 0 0 0 0 0 0 0 0 0 0 0 0 0 0 635150 0 0 0 616100 0 0 0 0 0 617575 0 0 0 0 0 0 0 0 0 0 0 0 0 639100 
