641200 657975 664850 629975 659725 626125 631200 636500 605075 629175 661000 634525 623050 632825 660900 654700 628575 659000 649700 635925 678750 611575 655025 621250 618900 637050 692350 636850 620225 620600 635475 656025 653650 636175 664225 648600 630550 648200 627750 621600 643900 631250 652300 619925 651525 623575 640475 642975 612175 
655650 646275 0 0 0 0 0 0 0 0 0 0 0 654500 0 0 0 0 0 0 654600 0 0 0 641750 0 0 645725 0 0 0 0 0 0 649975 0 0 0 0 0 0 0 0 653250 0 637000 0 0 0 
0 646225 634900 0 0 0 0 0 0 630175 0 0 0 0 0 651075 0 0 0 0 0 0 0 0 631925 0 0 654400 0 0 0 0 0 0 627975 0 0 646025 0 0 0 638075 0 0 644600 0 0 629175 0 
0 0 0 644600 0 0 0 0 0 0 615350 0 0 0 0 0 0 682775 0 0 0 0 0 0 615425 0 0 0 0 0 0 0 0 0 0 0 0 0 0 0 0 620575 0 0 0 0 0 603175 0 
0 617450 632800 0 631250 0 0 0 0 0 0 653775 0 0 0 0 0 0 0 0 0 0 0 0 629850 608975 0 0 0 0 0 0 631475 0 0 0 0 0 0 0 0 0 0 0 0 0 0 0 0 
0 0 0 0 637875 650825 640750 0 0 0 0 0 0 0 0 0 0 0 0 0 0 0 0 0 636850 0 0 0 0 0 0 0 0 0 0 0 0 0 0 0 656675 0 0 0 0 0 0 0 0 
0 0 633000 0 0 640700 606675 0 0 0 0 641600 0 0 0 0 0 0 0 0 643000 0 0 0 645950 0 0 644175 0 0 0 0 0 0 0 0 0 0 0 0 0 0 0 0 0 0 0 0 0 
0 0 0 0 0 0 0 657300 0 0 0 0 0 657775 678500 0 0 0 0 639125 638400 0 613525 0 643525 607650 650275 623375 0 0 0 0 0 679975 0 0 0 0 0 0 0 0 0 0 0 622500 0 0 0 
0 0 658525 0 0 640075 0 0 641925 0 0 651950 0 0 0 0 0 0 0 0 628725 0 0 0 646650 0 0 644475 0 0 0 0 0 595525 657400 0 0 0 0 0 0 0 0 0 0 0 0 639650 0 
0 0 0 0 0 0 0 0 637400 640575 0 0 0 0 0 0 0 0 0 0 0 0 0 0 624475 0 0 0 0 634125 661000 0 0 0 621550 0 0 0 0 0 0 624050 0 0 0 0 0 641075 0 
0 0 0 0 0 0 640275 0 629300 616500 650100 0 0 0 665525 0 0 0 0 0 0 641000 0 649250 617875 0 0 0 0 0 0 0 0 0 0 0 0 0 0 0 0 597650 0 0 0 0 0 620950 0 
0 0 0 0 640200 0 0 0 0 0 668075 644175 0 0 0 0 0 636800 0 0 0 0 0 0 637575 0 0 0 0 0 0 0 0 0 0 0 0 0 0 0 0 0 0 0 0 0 0 0 0 
0 0 0 0 0 0 0 0 0 0 0 625400 619800 0 0 0 0 0 0 0 0 652675 0 0 667225 0 0 0 0 638600 0 651125 0 0 0 0 0 0 0 0 0 0 0 0 0 0 0 0 0 
0 0 0 0 0 0 0 0 0 0 0 0 643850 648150 0 0 0 0 0 0 0 0 0 0 628450 636750 0 0 0 0 0 0 0 0 0 0 0 0 0 646350 654825 0 0 0 0 0 669000 630025 0 
0 0 0 0 0 0 0 0 0 0 0 0 0 0 651175 0 0 640700 655175 0 0 623375 0 0 630000 0 0 634425 0 0 0 0 0 0 666300 0 0 0 0 638825 0 0 0 0 0 0 626525 0 0 
0 643675 615650 0 0 0 0 0 0 0 0 0 0 0 0 629350 0 0 0 0 0 0 654450 0 646075 0 0 0 0 629925 0 0 0 0 617025 0 0 0 0 0 665550 625700 0 0 0 0 0 661775 0 
0 0 0 0 0 0 0 0 0 0 0 0 0 0 616325 0 642225 0 0 0 0 648725 650200 0 619175 0 0 0 0 0 0 0 0 0 626625 0 0 0 0 0 0 672550 635325 0 0 0 637375 661800 0 
0 654425 0 620275 0 0 0 0 0 0 644300 0 0 625400 0 0 0 651650 0 0 639675 0 0 0 641475 0 0 644025 0 0 0 0 0 0 612875 0 0 0 0 0 0 0 0 651200 0 0 0 0 0 
653000 0 0 0 0 0 0 0 0 0 0 0 0 0 628825 0 0 631875 625975 0 0 617225 0 0 649575 0 0 0 625250 0 0 0 0 0 0 0 0 0 0 0 0 0 0 0 0 0 0 0 0 
0 0 0 0 0 0 0 0 0 0 0 0 0 0 0 627750 0 0 630975 645900 0 0 0 0 638325 654450 0 0 0 637250 0 0 641125 0 0 0 645450 0 0 596875 0 0 0 0 0 0 0 0 0 
0 0 0 0 0 0 0 0 0 0 0 0 0 649450 0 0 0 0 0 646675 645550 0 0 0 644325 0 651725 0 0 642225 0 660700 633500 0 0 0 0 0 638875 679175 614550 0 0 0 0 0 0 0 0 
0 0 0 0 0 0 0 0 660375 0 655025 0 0 0 629450 0 0 0 0 0 0 647125 647775 611550 612200 0 0 0 0 0 0 0 0 0 641075 0 0 0 0 0 0 626725 0 0 0 0 651925 639425 0 
0 659725 0 0 0 0 0 0 0 0 0 0 0 0 0 620975 0 0 0 0 0 0 629800 612050 634025 0 0 665575 0 621475 0 0 0 0 602525 605125 0 0 0 0 0 630525 0 0 0 0 0 672175 645925 
0 0 0 0 0 0 0 0 0 0 0 0 0 630000 660600 0 0 0 0 0 665775 0 0 646200 635450 0 0 623350 0 0 615700 0 0 640775 0 0 0 664150 0 0 0 0 0 0 0 620275 0 0 0 
655125 660200 624300 631250 629000 593575 620550 661725 633275 647825 622475 622625 647900 654400 636925 656850 619625 643325 654850 613200 624450 646075 596550 652150 644325 636725 624225 622100 647025 639325 620425 663300 647875 658300 640475 628025 623700 634750 655100 639875 643575 681925 611125 639825 662050 624700 633625 646325 666900 
0 0 0 0 0 0 0 0 596725 0 0 645100 0 0 0 0 0 0 0 0 626950 0 0 0 629525 655450 0 659475 0 0 0 0 595225 0 632900 0 0 0 0 0 0 635475 0 0 0 0 0 624075 0 
0 0 0 0 0 651750 0 0 0 0 0 0 0 0 0 0 656050 0 0 652750 0 0 628325 0 662350 647675 656650 0 0 0 0 0 0 0 0 0 0 0 0 0 0 0 0 0 0 0 0 0 0 
0 0 0 0 0 0 0 0 0 0 0 0 0 0 0 0 0 0 0 0 0 0 0 0 645875 648625 661375 645350 0 0 0 0 0 0 0 644475 0 0 0 0 677200 0 0 0 0 0 0 643575 0 
0 0 0 0 0 0 0 0 0 0 0 649850 0 0 656375 0 0 0 0 0 0 636725 0 0 638475 0 0 0 613425 634925 0 642025 0 0 0 0 0 0 0 0 0 650150 0 0 0 0 0 0 0 
0 0 0 0 0 0 0 0 639750 0 0 0 0 0 0 0 0 0 0 0 0 0 0 0 650250 0 0 0 678500 655300 621775 0 0 0 0 647000 0 0 0 0 0 0 0 0 0 0 0 0 0 
0 0 0 0 0 0 0 0 0 0 0 0 0 0 0 628075 0 0 0 0 0 0 661325 0 621975 0 0 0 0 610325 653250 619900 0 0 600900 0 0 0 0 0 0 656850 0 0 0 0 0 643075 655575 
0 0 0 0 0 0 0 0 0 0 0 0 0 0 661250 0 0 0 0 0 0 611400 0 0 622475 0 0 625200 0 0 0 622550 0 0 659050 0 0 644350 606425 654325 0 0 0 0 644275 0 647725 627425 0 
0 0 0 0 0 0 0 0 0 0 0 0 0 0 0 0 0 0 0 0 0 0 619450 671700 668575 0 0 0 0 633550 0 0 618575 629025 0 0 0 0 0 0 0 0 0 0 0 0 0 0 0 
0 0 0 0 0 621300 667050 0 0 0 0 0 0 0 0 0 0 0 0 0 0 0 0 0 650575 0 0 0 0 0 619950 632475 0 664000 0 0 0 0 0 0 623300 653250 0 0 0 0 0 0 0 
627675 0 0 0 0 0 640150 0 0 0 0 0 0 0 0 0 0 0 0 0 660900 0 0 0 657900 0 0 0 0 0 0 0 633050 635900 622850 0 0 0 0 0 0 0 0 0 0 0 0 0 0 
0 0 0 0 0 0 0 0 0 0 0 0 0 0 0 0 0 0 0 0 0 0 0 0 632875 0 643300 0 656650 611675 0 0 0 0 0 652075 0 0 618425 642125 646850 0 0 0 0 0 0 0 0 
0 0 0 0 0 0 0 0 0 0 0 0 0 0 0 643100 0 0 0 0 0 0 0 0 637100 0 0 0 0 643675 0 0 0 0 0 0 605550 0 0 0 0 0 0 657725 0 0 0 0 0 
0 0 0 0 0 0 0 0 0 602875 0 0 0 0 0 0 0 0 0 0 0 0 0 634675 631150 0 0 0 0 0 649275 0 0 0 0 0 0 617575 0 0 0 0 0 0 618300 0 0 0 0 
0 667700 0 637725 0 0 0 0 0 0 0 0 0 0 0 0 0 0 0 641700 0 0 0 0 667525 0 0 0 0 0 0 629375 620450 0 0 0 0 0 656275 670350 0 627650 0 0 0 0 0 0 0 
0 0 0 0 0 0 0 0 0 0 0 0 0 0 0 0 0 0 0 0 0 0 0 0 628775 0 0 0 0 0 0 0 0 0 0 624175 0 0 648125 634525 0 0 613025 0 0 647525 674300 649425 0 
0 0 0 0 0 0 0 0 0 0 0 0 0 0 0 0 0 0 0 0 0 0 0 0 634700 0 0 0 0 0 0 0 0 0 0 0 0 0 641900 0 656350 642000 0 0 633825 636425 0 0 635900 
620325 0 0 0 0 0 626825 0 0 0 0 0 0 0 0 0 0 0 0 0 636450 0 0 0 642200 0 0 658700 0 0 0 0 0 0 0 0 0 0 0 0 653200 630325 0 0 0 0 0 0 0 
0 0 0 0 0 0 0 0 0 0 0 0 0 0 0 0 0 0 0 0 0 0 0 0 622150 0 0 0 0 0 0 0 0 0 0 644375 0 0 0 0 0 0 672250 0 0 0 0 0 660100 
0 0 0 0 0 0 0 0 0 0 0 0 0 0 0 0 0 0 0 0 0 0 0 0 662450 0 0 0 0 0 0 0 0 0 0 0 657825 0 647800 0 0 0 0 648775 0 660450 631925 0 0 
0 0 0 0 0 0 0 0 0 0 0 0 0 0 0 0 0 0 0 0 0 0 0 0 623225 0 0 0 0 0 0 0 0 0 0 0 0 652750 625000 0 0 0 0 0 672450 642175 0 0 0 
662150 0 0 0 0 0 0 0 0 0 630375 0 0 0 0 0 0 653175 0 0 0 0 0 0 646000 0 0 0 0 0 0 0 0 0 0 0 0 0 0 0 0 0 0 660825 0 646250 0 0 0 
0 0 0 0 0 0 0 0 0 0 0 0 0 638150 0 0 0 0 615500 0 0 0 0 0 625650 616900 0 0 0 0 0 0 640475 0 0 0 0 0 0 636650 627525 0 632475 0 0 0 638775 626850 0 
0 668600 0 0 0 0 0 0 0 0 0 0 0 0 0 0 0 0 0 0 0 0 0 0 646725 0 647925 0 0 0 0 0 0 0 0 0 0 0 0 0 635125 0 649875 0 0 0 0 634675 637500 
0 0 0 0 0 0 0 0 0 0 0 0 0 0 0 0 0 0 0 0 0 0 0 0 624150 0 0 0 0 0 0 0 644700 0 665625 0 0 0 0 0 0 0 0 0 0 0 0 0 649850 
