102925 100225 102450 0 0 0 0 0 0 0 100050 0 105975 0 0 0 0 0 0 0 97875 103700 102150 0 0 0 0 0 0 0 103975 0 0 0 0 0 0 0 0 0 101125 105400 104900 0 0 0 0 0 0 0 0 0 103550 103350 0 0 0 0 0 0 0 0 103550 0 0 0 0 0 0 0 0 0 0 0 0 0 0 0 0 0 108800 0 0 0 0 0 0 0 0 0 0 0 0 0 0 0 0 0 0 0 
0 100850 0 0 0 0 0 0 0 0 104050 101400 0 0 0 0 0 0 0 0 0 104500 0 0 0 0 0 0 0 0 103525 100875 100650 0 104250 0 0 0 0 0 103400 102125 99650 0 0 0 0 0 0 0 102850 0 101200 103675 0 0 0 0 0 0 103900 97775 101250 0 0 0 0 0 0 0 0 0 0 0 0 0 0 0 0 0 0 0 0 0 0 0 0 0 0 0 0 0 0 0 0 0 0 0 0 0 
0 0 0 0 0 100200 0 0 0 0 0 0 0 0 0 101125 0 0 0 0 0 0 0 0 0 0 0 0 0 0 0 0 100700 0 0 0 0 0 0 0 0 107325 101950 0 0 0 0 0 0 0 0 101625 98025 100350 0 0 0 0 0 0 0 0 106050 0 0 0 0 0 0 0 0 103025 99925 0 0 0 0 0 0 0 0 0 0 0 0 0 0 0 0 0 0 0 0 0 0 0 0 0 0 0 
0 104300 100025 103300 0 0 0 0 0 0 0 107975 106675 100875 104525 0 0 0 0 0 0 0 0 0 0 0 0 0 0 0 0 0 0 0 104525 0 0 0 0 0 0 0 0 99700 102825 0 0 0 0 0 0 0 0 103200 100025 0 0 0 0 0 0 0 0 106150 0 0 0 0 0 0 0 0 0 0 0 0 0 0 0 0 0 0 0 0 0 0 0 0 0 0 0 0 0 0 0 0 0 0 0 0 
0 0 0 0 0 0 0 0 0 0 0 0 0 0 0 0 0 0 0 0 0 0 0 0 0 0 0 0 0 0 0 0 0 0 102000 0 0 0 0 0 0 100475 106050 101625 99600 0 0 0 0 0 0 0 102300 102025 105850 0 0 0 0 0 0 0 100325 101075 0 0 0 0 0 0 0 0 0 0 0 0 0 0 0 0 0 0 0 0 0 0 0 0 0 0 0 0 0 0 0 0 0 0 0 0 
0 104650 0 0 97925 101825 0 0 0 0 0 107100 0 0 102750 103000 0 0 0 0 0 0 0 103125 0 0 0 0 0 0 0 0 0 0 0 102425 0 0 0 0 0 0 0 0 0 0 0 0 0 0 0 0 0 0 0 0 0 0 0 0 0 0 0 0 0 0 0 0 0 0 0 0 0 0 0 0 0 0 0 0 0 0 0 0 0 0 0 0 0 0 0 0 0 0 0 0 0 0 0 0 
0 0 0 0 0 0 0 0 0 0 0 0 0 0 0 0 0 0 0 0 0 0 0 0 0 0 0 0 0 0 0 0 0 0 0 0 0 0 0 0 0 0 0 0 0 0 0 0 0 0 0 0 0 0 0 0 0 0 0 0 0 0 0 0 0 0 0 0 0 0 0 0 0 0 0 0 0 0 0 0 0 0 0 0 0 0 0 0 0 0 0 0 0 0 0 0 0 0 0 0 
0 0 0 0 0 0 0 0 0 0 0 0 0 0 0 0 0 0 0 0 0 0 0 0 0 0 0 0 0 0 0 0 0 0 0 0 0 0 0 0 0 0 0 0 0 0 0 0 0 0 0 0 0 0 0 0 0 0 0 0 0 0 0 0 0 0 0 0 0 0 0 0 0 0 0 0 0 0 0 0 0 0 0 0 0 0 0 0 0 0 0 0 0 0 0 0 0 0 0 0 
0 0 0 0 0 0 0 0 0 0 0 0 0 0 0 0 0 0 0 0 0 0 0 0 0 0 0 0 0 0 0 0 0 0 0 0 0 0 0 0 0 0 0 0 0 0 0 0 0 0 0 0 0 0 0 0 0 0 0 0 0 0 0 0 0 0 0 0 0 0 0 0 0 0 0 0 0 0 0 0 0 0 0 0 0 0 0 0 0 0 0 0 0 0 0 0 0 0 0 0 
0 0 0 0 0 0 0 0 0 0 0 0 0 0 0 0 0 0 0 0 0 0 0 0 0 0 0 0 0 0 0 0 0 0 0 0 0 0 0 0 0 0 0 0 0 0 0 0 0 0 0 0 0 0 0 0 0 0 0 0 0 0 0 0 0 0 0 0 0 0 0 0 0 0 0 0 0 0 0 0 0 0 0 0 0 0 0 0 0 0 0 0 0 0 0 0 0 0 0 0 
104000 105500 102050 97850 0 0 0 0 0 0 100675 101550 104350 99550 100175 0 0 0 0 0 96875 99575 106275 0 0 0 0 0 0 0 104050 0 0 0 0 0 0 0 0 0 0 0 100850 0 0 0 0 0 0 0 0 0 0 0 0 0 0 0 0 0 0 0 0 0 0 0 0 0 0 0 0 0 0 0 0 0 0 0 0 0 0 0 0 0 0 0 0 0 0 0 0 0 0 0 0 0 0 0 0 0 
0 0 102425 0 101500 100450 0 0 0 0 0 98400 102325 0 0 104050 101400 0 0 0 99675 103775 105850 0 0 100850 0 0 0 0 97525 100250 0 0 0 0 0 0 0 0 103100 101000 102650 106750 0 106100 0 0 0 0 104875 0 0 102825 0 102750 103875 0 0 0 101675 100650 0 101475 100625 101400 0 0 0 0 107400 0 0 0 0 100625 0 0 0 0 0 0 0 0 0 0 0 0 0 0 0 0 0 0 0 0 0 0 0 0 
0 0 103300 0 0 100700 0 0 0 0 0 0 0 0 0 0 0 0 0 0 0 0 105825 99475 0 0 0 0 0 0 0 0 104825 0 0 0 0 0 0 0 0 105475 98475 0 0 0 0 0 0 0 0 101075 107200 0 0 0 0 0 0 0 0 0 0 0 0 0 0 0 0 0 0 103100 98900 0 0 0 0 0 0 0 0 104975 0 0 0 0 0 0 0 0 100700 99750 0 0 0 0 0 0 0 0 
0 0 0 0 100300 0 0 0 0 0 104900 0 0 100975 0 0 0 0 0 0 0 0 0 0 0 0 0 0 0 0 0 102625 0 100150 0 0 0 0 0 0 104600 0 100175 0 0 0 0 0 0 0 0 100850 0 98675 101475 0 0 0 0 0 0 0 0 99975 0 0 0 0 0 0 0 0 0 0 0 0 0 0 0 0 0 0 0 0 0 0 0 0 0 0 0 0 0 0 0 0 0 0 0 0 
0 0 97400 0 0 0 0 0 0 0 0 0 0 0 0 0 0 0 0 0 0 0 0 103525 102825 0 0 0 0 0 0 0 0 0 0 104325 0 0 0 0 0 0 104525 102775 106700 0 0 0 0 0 0 0 0 105125 99400 0 0 0 0 0 0 0 0 103450 0 0 0 0 0 0 0 0 0 0 0 0 0 0 0 0 106150 0 0 0 96575 0 0 0 0 0 0 0 0 0 0 0 0 0 0 0 
0 0 0 0 0 108000 0 0 0 0 0 0 103850 0 0 101500 100900 0 0 0 0 0 0 0 0 98175 98450 0 0 0 0 0 0 0 96650 0 0 0 0 0 0 0 96075 99500 102025 0 0 0 0 0 0 0 0 0 0 0 0 0 0 0 0 0 0 0 0 0 0 0 0 0 0 0 0 0 0 0 0 0 0 0 0 0 0 0 0 0 0 0 0 0 0 0 0 0 0 0 0 0 0 0 
0 0 0 0 0 100500 0 0 0 0 0 0 0 103725 0 98975 0 0 0 0 0 0 0 0 0 0 0 0 0 0 0 0 0 0 0 0 0 0 0 0 0 0 0 0 0 0 0 0 0 0 0 0 0 0 0 0 0 0 0 0 0 0 0 101975 0 0 0 0 0 0 0 0 0 0 0 0 0 0 0 0 0 0 0 0 0 0 0 0 0 0 0 0 0 0 0 0 0 0 0 0 
0 0 0 0 0 0 0 0 0 0 0 0 0 0 0 0 0 0 0 0 0 0 0 0 0 0 0 0 0 0 0 0 0 0 0 0 0 0 0 0 0 0 0 0 0 0 0 0 0 0 0 0 0 0 0 0 0 0 0 0 0 0 0 0 0 0 0 0 0 0 0 0 0 0 0 0 0 0 0 0 0 0 0 0 0 0 0 0 0 0 0 0 0 0 0 0 0 0 0 0 
0 0 0 0 0 0 0 0 0 0 0 0 0 0 0 0 0 0 0 0 0 0 0 0 0 0 0 0 0 0 0 0 0 0 0 0 0 0 0 0 0 0 0 0 0 0 0 0 0 0 0 0 0 0 0 0 0 0 0 0 0 0 0 0 0 0 0 0 0 0 0 0 0 0 0 0 0 0 0 0 0 0 0 0 0 0 0 0 0 0 0 0 0 0 0 0 0 0 0 0 
0 0 0 0 0 0 0 0 0 0 0 0 0 0 0 0 0 0 0 0 0 0 0 0 0 0 0 0 0 0 0 0 0 0 0 0 0 0 0 0 0 0 0 0 0 0 0 0 0 0 0 0 0 0 0 0 0 0 0 0 0 0 0 0 0 0 0 0 0 0 0 0 0 0 0 0 0 0 0 0 0 0 0 0 0 0 0 0 0 0 0 0 0 0 0 0 0 0 0 0 
102775 102475 101025 0 0 0 0 0 0 0 103350 0 101025 0 0 104975 0 0 0 0 100700 106150 103725 100425 0 0 106300 102650 0 0 101225 103250 0 0 96500 0 101475 98700 0 0 103875 98850 104100 105125 103375 0 99675 102375 0 0 102125 0 0 0 0 0 0 0 0 0 104250 101225 0 0 0 0 0 0 0 0 105775 105200 0 0 0 0 0 0 0 0 101950 0 0 0 101800 0 0 0 0 0 101600 0 0 100050 104725 0 0 0 0 0 
99700 0 0 0 0 0 0 0 0 0 106500 0 0 0 0 99725 0 0 0 0 98825 97625 0 0 0 0 0 0 0 0 101325 102575 103625 0 100575 0 0 0 0 0 98050 101125 101650 102875 108400 0 0 0 0 0 100000 0 100700 102775 0 0 0 0 0 0 101425 100975 97175 0 0 0 0 0 0 0 0 103800 0 0 0 0 0 0 0 0 0 0 0 0 0 0 0 0 0 0 0 0 0 0 0 0 0 0 0 0 
0 0 0 106575 0 0 0 0 0 0 0 0 0 0 0 0 0 0 0 0 0 0 104750 0 0 0 0 0 0 0 0 0 100325 0 102400 0 0 0 0 0 0 99200 102425 101075 104275 0 0 0 0 0 0 104550 0 0 0 0 0 0 0 0 0 96500 0 0 0 0 0 0 0 0 0 103575 100875 0 0 0 0 0 0 0 0 0 0 0 0 0 0 0 0 0 0 0 0 0 0 0 0 0 0 0 
0 0 0 0 102200 99800 0 0 0 0 0 0 0 101950 98725 100875 100350 0 0 0 0 0 0 103950 0 99850 102900 0 0 0 0 0 0 96600 0 0 0 0 0 0 0 101100 104200 99850 0 0 0 0 0 0 0 0 0 102975 102475 0 0 0 0 0 0 0 0 105100 0 0 0 0 0 0 0 0 0 0 0 0 0 0 0 0 0 0 0 0 0 0 0 0 0 0 0 0 0 0 0 0 0 0 0 0 
0 0 0 0 0 0 0 0 0 0 0 0 0 0 0 0 0 0 0 0 0 0 99075 0 106400 0 0 0 0 0 0 0 0 0 105175 106200 0 0 0 0 0 0 102550 107075 98175 0 0 0 0 0 0 0 0 102400 101400 0 0 0 0 0 0 0 0 104850 0 0 0 0 0 0 0 0 0 0 102825 0 0 0 0 0 0 0 0 0 0 0 0 0 0 0 0 0 101425 0 0 0 0 0 0 0 
0 0 0 0 0 103200 0 0 0 0 0 0 0 0 0 0 0 0 0 0 0 0 0 0 0 0 0 0 0 0 0 0 0 0 0 0 0 0 0 0 0 0 102900 0 0 0 0 0 0 0 0 0 0 0 0 0 0 0 0 0 0 0 0 0 0 0 0 0 0 0 0 0 0 0 102100 0 0 0 0 0 0 0 0 0 0 0 0 0 0 0 0 0 0 0 0 0 0 0 0 0 
0 0 0 0 0 100650 0 0 0 0 0 0 0 0 0 0 0 0 0 0 0 0 0 0 0 0 0 0 0 0 0 0 0 0 97275 0 0 0 0 0 0 99275 0 97875 104525 0 0 0 0 0 0 0 100525 104375 0 103625 0 0 0 0 0 0 104875 0 0 0 0 0 0 0 0 0 0 0 0 0 0 0 0 0 0 0 0 0 0 0 0 0 0 0 0 0 0 0 0 0 0 0 0 0 
0 0 0 0 0 0 0 0 0 0 0 0 0 0 0 0 0 0 0 0 0 0 0 0 0 0 0 0 0 0 0 0 0 0 0 0 0 0 0 0 0 0 101325 0 0 0 0 0 0 0 0 0 0 0 0 0 0 0 0 0 0 0 0 0 0 0 0 0 0 0 0 0 0 0 0 0 0 0 0 0 0 0 0 0 0 0 0 0 0 0 0 0 0 0 0 0 0 0 0 0 
0 0 0 0 0 0 0 0 0 0 0 0 0 0 0 0 0 0 0 0 0 0 0 0 0 0 0 0 0 0 0 0 0 0 0 0 0 0 0 0 0 0 0 0 0 0 0 0 0 0 0 0 0 0 0 0 0 0 0 0 0 0 0 0 0 0 0 0 0 0 0 0 0 0 0 0 0 0 0 0 0 0 0 0 0 0 0 0 0 0 0 0 0 0 0 0 0 0 0 0 
0 0 0 0 0 0 0 0 0 0 0 0 0 0 0 0 0 0 0 0 0 0 0 0 0 0 0 0 0 0 0 0 0 0 0 0 0 0 0 0 0 0 0 0 0 0 0 0 0 0 0 0 0 0 0 0 0 0 0 0 0 0 0 0 0 0 0 0 0 0 0 0 0 0 0 0 0 0 0 0 0 0 0 0 0 0 0 0 0 0 0 0 0 0 0 0 0 0 0 0 
0 0 0 0 0 0 0 0 0 0 0 0 0 0 0 0 0 0 0 0 0 102625 106350 0 0 0 0 0 0 0 103175 99175 106900 0 0 0 0 0 0 0 0 0 101675 0 0 0 0 0 0 0 0 104325 0 0 0 0 0 0 0 0 105975 0 0 0 0 0 0 0 0 0 0 0 0 0 0 0 0 0 0 0 0 0 0 0 0 0 0 0 0 0 0 0 0 0 0 0 0 0 0 0 
0 102375 0 0 0 0 0 0 0 0 0 100925 106225 0 0 0 97825 0 0 0 102875 106975 0 104725 0 0 0 0 0 0 103025 95975 0 0 0 0 0 0 0 0 101000 105350 104675 0 0 0 0 0 0 0 98775 104300 0 0 0 0 0 0 0 0 103375 103150 0 0 0 0 0 0 0 0 0 0 0 0 0 0 0 0 0 0 0 0 0 0 0 0 0 0 0 0 0 0 0 0 0 0 0 0 0 0 
0 0 0 0 0 0 0 0 0 0 0 0 0 0 0 0 0 0 0 0 0 0 0 0 103450 0 0 0 0 0 0 0 0 101950 105775 0 0 0 0 0 0 0 105175 0 0 0 0 0 0 0 0 107275 103225 109700 105100 0 0 0 0 0 0 0 105000 103850 0 0 0 0 0 0 0 106075 0 0 0 0 0 0 0 0 0 97675 0 0 0 0 0 0 0 0 0 0 0 0 0 0 0 0 0 0 
0 0 0 0 106650 0 0 0 0 0 0 0 0 0 0 0 0 0 0 0 0 0 0 103250 0 0 106025 0 0 0 0 0 0 104850 100475 0 0 0 99800 0 0 0 102825 102425 102925 0 0 0 0 0 0 0 0 103925 102225 0 0 0 0 0 0 0 0 100175 0 0 0 0 0 0 0 0 0 96275 0 0 0 0 0 0 0 0 0 0 0 0 0 0 0 0 0 0 0 0 0 0 0 0 0 0 
0 0 0 0 0 0 0 0 0 0 0 0 105800 0 104000 0 0 0 0 0 0 0 0 0 100425 0 0 0 0 0 0 0 102525 0 102825 0 0 0 0 0 0 105200 102550 0 0 0 0 0 0 0 0 0 105925 102025 106850 0 0 0 0 0 0 0 99875 97175 0 0 0 0 0 0 0 0 0 0 0 0 0 0 0 0 0 0 0 0 0 0 0 0 0 0 0 0 0 0 0 0 0 0 0 0 
0 0 0 0 0 0 0 0 0 0 0 0 0 0 0 0 0 0 0 0 0 0 0 0 0 0 0 0 0 0 0 0 0 0 0 0 0 0 0 0 0 0 103850 0 0 0 0 0 0 0 0 0 0 0 0 0 0 0 0 0 0 0 0 0 0 0 0 0 0 0 0 0 0 0 0 0 0 0 0 0 0 0 0 0 0 0 0 0 0 0 0 0 0 0 0 0 0 0 0 0 
0 0 0 0 0 0 0 0 0 0 0 0 0 0 0 0 0 0 0 0 0 0 0 0 0 0 0 0 0 0 0 0 0 0 97550 0 0 0 0 0 0 101325 0 100725 101875 0 0 0 0 0 0 0 101200 101975 0 0 0 0 0 0 0 0 106125 0 0 0 0 0 0 0 0 0 0 0 0 0 0 0 0 0 0 0 0 0 0 0 0 0 0 0 0 0 0 0 0 0 0 0 0 0 
0 0 0 0 0 0 0 0 0 0 0 0 0 0 0 0 0 0 0 0 0 0 0 0 0 0 0 0 0 0 0 0 0 0 0 0 0 0 0 0 0 0 109200 0 0 0 0 0 0 0 0 0 0 0 0 0 0 0 0 0 0 0 0 0 0 0 0 0 0 0 0 0 0 0 0 0 0 0 0 0 0 0 0 0 0 0 0 0 0 0 0 0 0 0 0 0 0 0 0 0 
0 0 0 0 0 0 0 0 0 0 0 0 0 0 0 0 0 0 0 0 0 0 0 0 0 0 0 0 0 0 0 0 0 0 0 0 0 0 103775 0 0 0 0 0 0 0 0 0 0 0 0 0 0 0 0 0 0 0 0 0 0 0 0 0 0 0 0 0 0 0 0 0 0 0 0 0 0 0 0 0 0 0 0 0 0 0 0 0 0 0 0 0 0 0 0 0 0 0 0 0 
0 0 0 0 0 0 0 0 0 0 0 0 0 0 0 0 0 0 0 0 0 0 0 0 0 0 0 0 0 0 0 0 0 0 0 0 0 0 0 0 0 0 0 0 0 0 0 0 0 0 0 0 0 0 0 0 0 0 0 0 0 0 0 0 0 0 0 0 0 0 0 0 0 0 0 0 0 0 0 0 0 0 0 0 0 0 0 0 0 0 0 0 0 0 0 0 0 0 0 0 
99025 100275 98900 103275 0 0 0 0 0 0 99175 100575 104275 99150 100775 0 0 0 0 0 98350 100550 0 0 98425 0 0 0 0 0 103725 101425 100600 0 101850 0 105050 0 0 0 99275 103725 104350 102150 103200 0 0 0 106675 0 103750 105650 105275 105550 106750 0 0 103075 0 0 103125 104850 106200 0 0 0 0 0 0 0 101375 103875 0 0 0 0 0 0 0 0 98700 0 104400 0 0 0 0 0 0 0 0 0 0 0 0 101450 0 0 0 0 
0 97775 0 0 0 0 0 0 0 0 0 0 109300 0 0 0 0 0 0 0 101825 96175 0 0 0 0 0 0 0 0 0 0 103650 0 0 0 0 0 0 0 102625 104175 102600 104100 0 101550 0 0 0 0 0 104525 98375 101100 0 0 0 0 0 0 0 0 0 0 0 0 0 0 0 0 0 98575 99950 0 0 0 0 0 0 0 0 0 0 0 0 0 0 0 0 0 0 0 0 0 0 0 0 0 0 0 
0 0 0 0 0 0 0 0 0 0 0 0 0 0 0 0 0 0 0 0 102650 104175 0 0 0 0 0 0 0 0 0 0 101250 101550 0 0 0 101300 0 0 0 0 98800 0 0 0 104500 105850 0 0 99975 0 0 102750 98825 0 0 0 0 0 0 0 0 100400 0 0 101175 105425 0 0 0 0 0 0 0 0 0 0 0 0 0 0 0 0 0 0 0 0 0 0 100950 0 0 0 0 0 0 0 0 0 
0 0 0 0 0 0 0 0 0 0 0 0 0 0 0 0 0 0 0 0 0 0 0 0 0 0 0 0 0 0 0 103125 0 0 0 101950 0 0 0 0 103825 102225 100650 103400 0 101225 0 0 0 0 0 0 102125 102350 106450 104850 0 0 0 0 103775 103950 102300 101100 99650 106975 0 0 0 0 101825 0 0 0 103650 0 0 0 0 0 0 0 0 0 0 0 0 0 0 0 0 0 0 0 0 0 0 0 0 0 
0 0 0 0 0 0 0 0 0 0 0 0 0 0 0 0 0 0 0 0 103025 0 0 0 0 0 0 0 0 0 0 0 0 0 0 0 104375 0 0 0 0 0 106250 0 109325 0 0 0 96050 0 0 0 0 97675 99275 0 0 102500 0 0 0 0 0 103875 0 0 0 0 0 0 0 0 0 0 0 0 0 0 0 0 0 0 93975 0 0 0 0 0 0 0 0 0 0 0 0 0 0 0 0 0 
0 0 0 0 0 0 0 0 0 0 0 0 0 0 0 0 0 0 0 0 0 0 0 0 0 0 98275 104125 0 0 0 0 0 0 101400 0 102075 99925 0 0 0 0 100375 102700 105950 0 0 97075 0 0 0 0 0 0 0 0 0 0 0 0 0 0 0 0 0 0 0 0 0 0 0 0 0 0 0 0 0 0 0 0 0 0 0 0 103450 0 0 0 0 0 0 0 0 0 103250 0 0 0 0 0 
0 0 0 0 0 0 0 0 0 0 0 0 0 0 0 0 0 0 0 0 0 0 0 0 0 0 0 0 0 0 0 0 0 0 0 0 0 0 0 0 0 0 96950 0 0 0 0 0 0 0 0 0 0 0 0 0 0 0 0 0 0 0 0 0 0 0 0 0 0 0 0 0 0 0 0 0 0 0 0 0 0 0 0 0 0 0 0 0 0 0 0 0 0 0 0 0 0 0 0 0 
0 0 0 0 0 0 0 0 0 0 0 0 0 0 0 0 0 0 0 0 0 0 0 0 0 0 0 0 0 0 0 0 0 0 0 0 0 0 0 0 0 0 104275 0 0 0 0 0 0 0 0 0 0 0 0 0 0 0 0 0 0 0 0 0 0 0 0 0 0 0 0 0 0 0 0 0 0 0 0 0 0 0 0 0 0 0 0 0 0 0 0 0 0 0 0 0 0 0 0 0 
0 0 0 0 0 0 0 0 0 0 0 0 0 0 0 0 0 0 0 0 0 0 0 0 0 0 0 0 0 0 0 0 0 0 0 0 0 0 0 0 0 0 99375 0 0 0 0 0 0 0 0 0 0 0 0 0 0 0 0 0 0 0 0 0 0 0 0 0 0 0 0 0 0 0 0 0 0 0 0 0 0 0 0 0 0 0 0 0 0 0 0 0 0 0 0 0 0 0 0 0 
0 0 0 0 0 0 0 0 0 0 0 0 0 0 0 0 0 0 0 0 0 0 0 0 0 0 0 0 0 0 0 0 0 0 0 0 0 0 0 0 0 0 0 0 0 0 0 0 0 0 0 0 0 0 0 0 0 0 0 0 0 0 0 0 0 0 0 0 0 0 0 0 0 0 0 0 0 0 0 0 0 0 0 0 0 0 0 0 0 0 0 0 0 0 0 0 0 0 0 0 
0 0 0 0 102550 0 0 0 0 0 99200 0 0 100475 0 101425 0 0 0 0 0 0 0 0 0 0 0 0 0 0 102700 98225 0 102175 0 0 0 0 0 0 101650 107825 103650 108025 0 0 0 0 0 0 106900 100675 0 0 0 0 0 0 0 0 97025 105850 0 0 0 0 0 0 0 0 99950 0 102425 0 0 0 0 0 0 0 98775 0 0 0 0 0 0 0 0 0 0 0 0 0 0 0 0 0 0 0 
0 0 0 0 0 0 0 0 0 0 0 0 0 0 0 0 0 0 0 0 0 0 0 0 0 0 0 0 0 0 0 0 101675 0 0 0 0 0 0 0 0 106225 105500 0 0 0 0 0 0 0 0 106575 102550 102750 99825 0 0 0 0 0 106775 105250 99050 0 0 0 0 0 0 0 0 106825 104950 0 0 0 0 0 0 0 0 0 0 0 0 0 0 0 0 0 0 0 0 0 0 0 0 0 0 0 
0 0 0 0 0 0 0 0 0 0 0 0 0 0 0 100275 0 0 0 0 0 0 0 0 0 0 0 0 0 0 0 0 102450 0 98675 0 0 0 0 0 0 102250 106650 101000 100850 100975 0 0 0 0 0 0 102200 102000 105600 0 101850 0 0 0 0 0 105625 104225 0 107875 100050 0 0 0 0 0 0 98675 0 103550 0 0 0 0 0 0 0 0 0 103400 100425 0 0 0 0 0 0 0 0 0 0 0 0 0 
0 0 0 0 0 0 0 0 0 0 0 0 0 0 0 0 0 0 0 0 0 0 0 0 0 0 0 0 0 0 0 0 0 0 0 0 0 0 0 0 0 108850 106600 102325 0 0 0 0 0 0 0 104575 97675 101775 106175 0 0 0 0 0 0 0 108475 104550 0 0 0 0 0 0 0 0 98700 99500 0 0 0 0 0 0 0 0 0 104850 0 0 0 0 0 0 0 0 0 0 0 0 0 0 0 0 
0 0 0 0 103450 0 0 0 0 0 0 0 0 0 0 102775 0 0 0 0 0 0 0 0 0 107325 0 0 0 0 0 0 0 0 0 0 0 0 0 0 0 0 100750 0 0 0 0 0 0 0 0 0 0 106050 102975 102200 0 0 0 0 0 0 0 101575 0 107575 0 0 0 0 0 0 0 0 0 103875 0 0 0 0 0 0 0 0 0 0 0 0 0 0 0 0 0 0 0 0 0 0 0 0 
0 0 0 0 0 0 0 0 0 0 0 0 0 0 0 0 0 0 0 0 0 0 0 0 0 0 0 0 0 0 0 0 0 0 0 0 0 0 0 0 0 0 98225 0 0 0 0 0 0 0 0 0 0 0 0 0 0 0 0 0 0 0 0 0 0 0 0 0 0 0 0 0 0 0 0 0 0 0 0 0 0 0 0 0 0 0 0 0 0 0 0 0 0 0 0 0 0 0 0 0 
0 0 0 0 0 0 0 0 0 0 0 0 0 0 0 0 0 0 0 0 0 0 0 0 0 0 0 0 0 0 0 0 0 0 0 0 0 0 0 0 0 0 103900 0 0 0 0 0 0 0 0 0 0 0 0 0 0 0 0 0 0 0 0 0 0 0 0 0 0 0 0 0 0 0 0 0 0 0 0 0 0 0 0 0 0 0 0 0 0 0 0 0 0 0 0 0 0 0 0 0 
0 0 0 0 0 0 0 0 0 0 0 0 0 0 0 0 0 0 0 0 0 0 0 0 0 0 0 0 0 0 0 0 0 0 98400 0 0 0 0 0 0 0 0 105850 101475 0 0 0 0 0 0 0 0 0 0 0 0 0 0 0 0 0 0 0 0 0 0 0 0 0 0 0 0 0 0 0 0 0 0 0 0 0 0 0 0 0 0 0 0 0 0 0 0 0 0 0 0 0 0 0 
0 0 0 0 0 0 0 0 0 0 0 0 0 0 0 0 0 0 0 0 0 0 0 0 0 0 0 0 0 0 0 0 0 0 0 0 0 0 0 0 0 0 0 0 0 0 0 0 0 0 0 0 0 0 0 0 0 0 0 0 0 0 0 0 0 0 0 0 0 0 0 0 0 0 0 0 0 0 0 0 0 0 0 0 0 0 0 0 0 0 0 0 0 0 0 0 0 0 0 0 
0 0 0 0 0 0 0 0 0 0 0 0 0 0 0 0 0 0 0 0 0 0 0 0 0 0 0 0 0 0 0 0 0 0 0 0 0 0 0 0 0 0 0 0 0 0 0 0 0 0 0 0 0 0 0 0 0 0 0 0 0 0 0 0 0 0 0 0 0 0 0 0 0 0 0 0 0 0 0 0 0 0 0 0 0 0 0 0 0 0 0 0 0 0 0 0 0 0 0 0 
0 0 0 0 102975 0 0 0 0 0 102275 0 0 0 0 0 0 0 0 0 0 0 0 0 0 0 0 0 0 0 100425 103900 0 0 103525 101500 0 0 0 0 101200 99050 0 0 0 107950 0 0 0 0 107950 0 96375 0 0 101050 0 0 0 0 96175 101150 0 0 103725 0 0 0 0 0 98775 0 0 0 100400 0 0 0 0 0 103150 0 0 0 0 0 0 0 0 0 0 0 0 0 0 0 0 0 0 0 
0 0 0 0 0 0 0 0 0 0 0 0 0 0 0 0 0 0 0 0 0 0 0 0 0 0 0 0 0 0 0 0 100400 0 105750 0 0 0 0 0 0 100100 104250 103550 99250 0 0 0 0 0 0 105350 0 0 0 0 0 0 0 0 103050 0 107200 98850 0 0 0 0 0 0 106825 100150 99800 0 0 0 0 0 0 0 0 0 0 0 0 0 0 0 0 0 0 0 0 0 0 0 0 0 0 0 
0 0 0 0 104800 0 0 0 0 0 0 0 0 0 0 0 0 0 0 0 0 0 0 98850 0 0 104625 0 0 0 0 102875 101775 101025 0 0 0 0 0 0 97125 101450 100950 107050 0 0 0 0 0 0 0 0 104050 106100 99600 105425 0 0 0 0 103125 105000 97375 104075 101350 103575 103300 101600 0 0 106400 0 0 98450 0 0 0 0 0 0 0 0 0 0 0 98650 100650 0 0 0 0 0 0 0 0 0 0 0 0 0 
0 0 0 0 0 0 0 0 0 0 0 0 0 0 0 0 0 0 0 0 0 0 101875 0 0 0 0 0 0 0 0 0 0 0 99250 0 0 0 0 0 0 0 101425 101575 95825 101700 0 0 0 0 0 0 0 103875 101750 103975 0 0 0 0 0 0 0 101750 97425 0 0 0 0 0 0 0 0 0 0 0 0 0 0 0 0 0 0 0 0 0 0 0 0 0 0 0 0 0 0 0 0 0 0 0 
0 0 0 0 0 0 0 0 0 0 0 0 0 0 0 0 0 0 0 0 0 0 0 0 0 0 0 0 0 0 0 0 0 0 0 0 0 0 0 0 0 103375 102075 0 0 0 0 0 0 0 0 0 101475 98450 101775 0 0 0 0 0 0 0 104075 99725 0 0 0 0 0 0 0 0 0 0 0 0 0 0 0 0 0 0 0 0 0 0 0 0 0 0 0 0 0 0 0 0 0 0 0 0 
0 0 0 0 0 0 0 0 0 0 0 0 0 0 0 0 0 0 0 0 0 0 0 0 0 0 0 0 0 0 0 0 0 0 104525 0 0 0 0 0 0 0 103900 101300 103900 0 0 0 0 0 0 0 0 0 0 0 0 0 0 0 0 0 0 0 0 0 0 0 0 0 0 0 0 0 0 0 0 0 0 0 0 0 0 0 0 0 0 0 0 0 0 0 0 0 0 0 0 0 0 0 
0 0 0 0 0 0 0 0 0 0 0 0 0 0 0 0 0 0 0 0 0 0 0 0 0 0 0 0 0 0 0 0 0 0 98250 0 0 0 0 0 0 105075 0 100450 100500 0 0 0 0 0 0 0 102025 98050 0 0 0 0 0 0 0 0 104725 0 0 0 0 0 0 0 0 0 0 0 0 0 0 0 0 0 0 0 0 0 0 0 0 0 0 0 0 0 0 0 0 0 0 0 0 0 
0 0 0 0 0 0 0 0 0 0 0 0 0 0 0 0 0 0 0 0 0 0 0 0 0 0 0 0 0 0 0 0 0 0 103825 0 0 0 0 0 0 0 0 100225 102975 0 0 0 0 0 0 0 0 0 0 0 0 0 0 0 0 0 0 0 0 0 0 0 0 0 0 0 0 0 0 0 0 0 0 0 0 0 0 0 0 0 0 0 0 0 0 0 0 0 0 0 0 0 0 0 
0 0 0 0 0 0 0 0 0 0 0 0 0 0 0 0 0 0 0 0 0 0 0 0 0 0 0 0 0 0 0 0 0 0 0 0 0 0 0 0 0 0 0 0 0 0 0 0 0 0 0 0 0 0 0 0 0 0 0 0 0 0 0 0 0 0 0 0 0 0 0 0 0 0 0 0 0 0 0 0 0 0 0 0 0 0 0 0 0 0 0 0 0 0 0 0 0 0 0 0 
0 0 0 0 0 0 0 0 0 0 0 0 0 0 0 0 0 0 0 0 0 0 0 0 0 0 0 0 0 0 0 0 0 0 0 0 0 0 0 0 0 0 0 0 0 0 0 0 0 0 0 0 0 0 0 0 0 0 0 0 0 0 0 0 0 0 0 0 0 0 0 0 0 0 0 0 0 0 0 0 0 0 0 0 0 0 0 0 0 0 0 0 0 0 0 0 0 0 0 0 
0 0 0 0 0 0 0 0 0 0 0 0 0 0 0 0 0 0 0 0 0 0 0 0 0 0 0 0 0 0 105175 104900 0 0 0 0 0 0 0 0 96625 0 100975 0 0 0 0 0 0 0 105225 0 98800 0 0 0 0 0 0 0 104150 101975 98950 102675 0 0 0 0 0 0 97425 0 0 0 103775 0 106475 0 0 0 0 102300 0 0 0 0 0 0 0 0 98925 0 0 0 0 0 0 0 0 0 
0 0 0 0 0 0 0 0 0 0 0 101700 0 0 0 0 0 0 0 0 0 0 0 0 0 0 0 0 0 0 0 104950 98850 0 0 0 0 0 0 0 101675 103875 104375 0 0 0 0 0 0 0 0 104575 104350 97975 0 0 0 0 0 0 101575 100950 101600 103200 0 0 0 0 0 0 103625 106750 105550 98225 0 0 0 0 0 0 0 100525 103900 103700 0 0 0 0 0 0 0 0 0 0 0 0 0 0 0 0 
0 0 0 0 0 0 0 0 0 0 0 0 0 0 0 0 0 0 0 0 0 0 0 0 0 0 0 0 0 0 0 0 0 0 0 0 0 0 0 0 0 100025 105875 0 0 0 0 0 0 0 0 0 104250 103350 102500 0 0 0 0 0 0 0 99225 100125 0 0 0 0 0 0 0 104275 104775 103175 0 0 0 0 0 0 0 101100 105000 0 0 0 0 0 0 0 0 0 0 0 0 0 0 0 0 0 
0 0 0 0 0 0 0 0 0 0 0 0 0 0 0 0 0 0 0 0 0 0 0 0 0 0 0 0 0 0 0 0 0 0 0 0 0 0 0 0 0 0 103650 0 0 0 0 0 0 0 0 0 0 101650 98375 0 0 0 0 0 0 0 0 101550 0 0 0 0 0 0 0 0 0 0 0 0 0 0 0 0 0 0 0 0 0 0 0 0 0 0 0 0 0 0 0 0 0 0 0 0 
0 0 0 0 0 0 0 0 0 0 0 0 0 0 0 0 0 0 0 0 0 0 0 0 0 0 0 0 0 0 0 0 0 0 0 0 0 0 0 0 0 105225 104475 0 0 0 0 0 0 0 0 0 101350 103600 105425 0 0 0 0 0 0 0 104675 110125 0 0 0 0 0 0 0 0 0 0 0 0 0 0 0 0 0 0 0 0 0 0 0 0 0 0 0 0 0 0 0 0 0 0 0 0 
0 0 0 0 0 0 0 0 0 0 0 0 0 0 0 0 0 0 0 0 0 0 0 0 0 0 0 0 0 0 0 0 0 0 0 0 0 0 0 0 0 0 105600 0 0 0 0 0 0 0 0 0 0 0 0 0 0 0 0 0 0 0 0 0 0 0 0 0 0 0 0 0 0 0 0 0 0 0 0 0 0 0 0 0 0 0 0 0 0 0 0 0 0 0 0 0 0 0 0 0 
0 0 0 0 0 0 0 0 0 0 0 0 0 0 0 0 0 0 0 0 0 0 0 0 0 0 0 0 0 0 0 0 0 0 0 0 0 0 0 0 0 0 0 0 0 0 0 0 0 0 0 0 0 0 0 0 0 0 0 0 0 0 0 0 0 0 0 0 0 0 0 0 0 0 0 0 99650 0 0 0 0 0 0 0 0 0 0 0 0 0 0 0 0 0 0 0 0 0 0 0 
0 0 0 0 0 0 0 0 0 0 0 0 0 0 0 0 0 0 0 0 0 0 0 0 0 0 0 0 0 0 0 0 0 0 0 0 0 0 0 0 0 0 0 0 0 0 0 0 0 0 0 0 0 0 0 0 0 0 0 0 0 0 0 0 0 0 0 0 0 0 0 0 0 0 0 0 0 0 0 0 0 0 0 0 0 0 0 0 0 0 0 0 0 0 0 0 0 0 0 0 
0 0 0 0 0 0 0 0 0 0 0 0 0 0 0 0 0 0 0 0 0 0 0 0 0 0 0 0 0 0 0 0 0 0 0 0 0 0 0 0 0 0 0 0 0 0 0 0 0 0 0 0 0 0 0 0 0 0 0 0 0 0 0 0 0 0 0 0 0 0 0 0 0 0 0 0 0 0 0 0 0 0 0 0 0 0 0 0 0 0 0 0 0 0 0 0 0 0 0 0 
0 0 0 0 0 0 0 0 0 0 0 0 0 0 0 0 0 0 0 0 0 0 0 0 0 0 0 0 0 0 0 0 0 0 0 0 0 0 0 0 0 0 0 0 0 0 0 0 0 0 0 0 0 0 0 0 0 0 0 0 0 0 0 0 0 0 0 0 0 0 0 0 0 0 0 0 0 0 0 0 0 0 0 0 0 0 0 0 0 0 0 0 0 0 0 0 0 0 0 0 
0 0 102100 0 0 0 0 0 0 0 0 0 0 0 0 0 0 0 0 0 0 0 102675 103725 96250 0 0 0 0 0 107125 103350 0 0 98425 101125 0 0 0 0 103775 104825 99500 104275 98400 0 0 0 0 0 103450 0 101600 98775 0 0 0 0 0 0 105200 99575 99600 0 0 0 0 0 0 0 101875 0 0 0 97800 0 0 0 0 0 101425 98225 0 0 100550 0 0 0 0 0 104050 98300 103900 0 0 0 0 0 0 0 
100650 0 0 0 0 0 0 0 0 0 0 0 0 0 0 0 0 0 0 0 0 104000 0 0 0 0 0 0 0 0 0 0 106700 0 99800 0 0 0 0 0 0 105075 101725 107175 101675 0 0 0 0 0 0 104700 103600 105925 104850 0 0 0 0 0 0 0 104725 0 0 0 0 0 0 0 0 104600 102700 0 0 0 0 0 0 0 105350 0 100850 0 0 0 0 0 0 0 0 0 0 0 0 97325 0 0 0 0 
0 0 0 0 0 0 0 0 0 0 0 0 0 0 0 0 0 0 0 0 0 0 0 0 0 0 0 0 0 0 0 0 0 0 0 0 0 0 0 0 0 0 102475 0 0 0 0 0 0 0 0 0 0 99975 102500 0 0 0 0 0 0 0 0 101975 0 0 0 0 0 0 0 0 0 0 0 0 0 0 0 0 0 0 0 0 0 0 0 0 0 0 0 0 0 0 0 0 0 0 0 0 
0 0 0 0 0 0 0 0 0 0 0 0 0 0 0 0 0 0 0 0 0 0 0 0 0 0 0 0 0 0 0 0 0 0 0 0 0 0 0 0 0 0 101450 0 0 0 0 0 0 0 0 0 0 103475 101800 0 0 0 0 0 0 0 0 97250 0 0 0 0 0 0 0 0 0 0 0 0 0 0 0 0 0 0 0 0 0 0 0 0 0 0 0 0 0 0 0 0 0 0 0 0 
0 0 0 0 0 0 0 0 0 0 0 0 0 0 0 0 0 0 0 0 0 0 0 0 0 0 0 0 0 0 0 0 0 0 102600 0 0 0 0 0 0 0 105500 105275 99275 0 0 0 0 0 0 0 0 101075 102900 0 0 0 0 0 0 0 0 104975 0 0 0 0 0 0 0 0 0 0 0 0 0 0 0 0 0 0 0 0 0 0 0 0 0 0 0 0 0 0 0 0 0 0 0 0 
0 0 0 0 0 0 0 0 0 0 0 0 0 0 0 0 0 0 0 0 0 0 0 0 0 0 0 0 0 0 0 0 0 0 0 0 0 0 0 0 0 105800 0 0 0 0 0 0 0 0 0 0 107100 103200 0 0 0 0 0 0 0 0 102925 0 0 0 0 0 0 0 0 0 0 0 0 0 0 0 0 0 0 0 0 0 0 0 0 0 0 0 0 0 0 0 0 0 0 0 0 0 
0 0 0 0 0 0 0 0 0 0 0 0 0 0 0 0 0 0 0 0 0 0 0 0 0 0 0 0 0 0 0 0 0 0 0 0 0 0 0 0 0 0 100200 0 0 0 0 0 0 0 0 0 0 0 0 0 0 0 0 0 0 0 0 0 0 0 0 0 0 0 0 0 0 0 0 0 0 0 0 0 0 0 0 0 0 0 0 0 0 0 0 0 0 0 0 0 0 0 0 0 
0 0 0 0 0 0 0 0 0 0 0 0 0 0 0 0 0 0 0 0 0 0 0 0 0 0 0 0 0 0 0 0 0 0 0 0 0 0 0 0 0 0 0 0 0 0 0 0 0 0 0 0 0 0 0 0 0 0 0 0 0 0 0 0 0 0 0 0 0 0 0 0 0 0 0 0 0 0 0 0 0 0 0 0 0 0 0 0 0 0 0 0 0 0 0 0 0 0 0 0 
0 0 0 0 0 0 0 0 0 0 0 0 0 0 0 0 0 0 0 0 0 0 0 0 0 0 0 0 0 0 0 0 0 0 0 0 0 0 0 0 0 0 0 0 0 0 0 0 0 0 0 0 0 0 0 0 0 0 0 0 0 0 0 0 0 0 0 0 0 0 0 0 0 0 0 0 0 0 0 0 0 0 0 0 0 0 0 0 0 0 0 0 0 0 0 0 0 0 0 0 
0 0 0 0 0 0 0 0 0 0 0 0 0 0 0 0 0 0 0 0 0 0 0 0 0 0 0 0 0 0 0 0 0 0 0 0 0 0 0 0 0 0 0 0 0 0 0 0 0 0 0 0 0 0 0 0 0 0 0 0 0 0 0 0 0 0 0 0 0 0 0 0 0 0 0 0 0 0 0 0 0 0 0 0 0 0 0 0 0 0 0 0 0 0 0 0 0 0 0 0 
0 0 0 0 0 0 0 0 0 0 0 0 0 0 0 0 0 0 0 0 0 0 0 0 0 0 0 0 0 0 104800 103475 0 0 104800 0 0 0 0 0 100100 105475 104850 101450 104575 0 0 0 0 0 101850 0 106275 102375 0 0 0 0 0 0 101750 102575 99750 0 0 0 0 0 0 0 0 0 0 0 0 0 0 0 0 0 102425 0 0 0 98850 0 0 0 0 0 102600 0 0 101950 99525 0 0 0 0 0 
0 0 0 0 0 0 0 0 0 0 0 0 0 0 0 0 0 0 0 0 0 0 0 0 0 0 0 0 0 0 0 0 97225 0 0 0 0 0 0 0 0 103925 108550 0 0 0 0 0 0 0 0 103425 0 0 0 0 0 0 0 0 0 0 0 0 0 0 0 0 0 0 0 101350 102500 0 0 0 0 0 0 0 0 0 0 0 0 0 0 0 0 0 0 0 0 0 0 0 0 0 0 0 
0 0 0 0 0 0 0 0 0 0 0 0 0 0 0 0 0 0 0 0 0 0 0 0 0 0 0 0 0 0 0 0 0 0 0 0 0 0 0 0 0 0 104275 0 0 0 0 0 0 0 0 0 0 106175 103900 0 0 0 0 0 0 0 0 101000 0 0 0 0 0 0 0 0 0 0 0 0 0 0 0 0 0 0 0 0 0 0 0 0 0 0 0 0 0 0 0 0 0 0 0 0 
0 0 0 0 0 0 0 0 0 0 0 0 0 0 0 0 0 0 0 0 0 0 0 0 0 0 0 0 0 0 0 0 0 0 0 0 0 0 0 0 0 0 102250 0 0 0 0 0 0 0 0 0 0 102825 101600 0 0 0 0 0 0 0 0 98925 0 0 0 0 0 0 0 0 0 0 0 0 0 0 0 0 0 0 0 0 0 0 0 0 0 0 0 0 0 0 0 0 0 0 0 0 
0 0 0 0 0 0 0 0 0 0 0 0 0 0 0 0 0 0 0 0 0 0 0 0 0 0 0 0 0 0 0 0 0 0 0 0 0 0 0 0 0 0 102625 0 0 0 0 0 0 0 0 0 0 102300 95775 0 0 0 0 0 0 0 0 102525 0 0 0 0 0 0 0 0 0 0 0 0 0 0 0 0 0 0 0 0 0 0 0 0 0 0 0 0 0 0 0 0 0 0 0 0 
0 0 0 0 0 0 0 0 0 0 0 0 0 0 0 0 0 0 0 0 0 0 0 0 0 0 0 0 0 0 0 0 0 0 0 0 0 0 0 0 0 0 106600 0 0 0 0 0 0 0 0 0 0 0 0 0 0 0 0 0 0 0 0 0 0 0 0 0 0 0 0 0 0 0 0 0 0 0 0 0 0 0 0 0 0 0 0 0 0 0 0 0 0 0 0 0 0 0 0 0 
0 0 0 0 0 0 0 0 0 0 0 0 0 0 0 0 0 0 0 0 0 0 0 0 0 0 0 0 0 0 0 0 0 0 0 0 0 0 0 0 0 0 0 0 0 0 0 0 0 0 0 0 0 0 0 0 0 0 0 0 0 0 0 0 0 0 0 0 0 0 0 0 0 0 0 0 0 0 0 0 0 0 0 0 0 0 0 0 0 0 0 0 0 0 0 0 0 0 0 0 
0 0 0 0 0 0 0 0 0 0 0 0 0 0 0 0 0 0 0 0 0 0 0 0 0 0 0 0 0 0 0 0 0 0 0 0 0 0 0 0 0 0 0 0 0 0 0 0 0 0 0 0 0 0 0 0 0 0 0 0 0 0 0 0 0 0 0 0 0 0 0 0 0 0 0 0 0 0 0 0 0 0 0 0 0 0 0 0 0 0 0 0 0 0 0 0 0 0 0 0 
0 0 0 0 0 0 0 0 0 0 0 0 0 0 0 0 0 0 0 0 0 0 0 0 0 0 0 0 0 0 0 0 0 0 0 0 0 0 0 0 0 0 0 0 0 0 0 0 0 0 0 0 0 0 0 0 0 0 0 0 0 0 0 0 0 0 0 0 0 0 0 0 0 0 0 0 0 0 0 0 0 0 0 0 0 0 0 0 0 0 0 0 0 0 0 0 0 0 0 0 
0 0 0 0 0 0 0 0 0 0 0 0 0 0 0 0 0 0 0 0 0 0 0 0 0 0 0 0 0 0 0 0 0 0 0 0 0 0 0 0 0 0 0 0 0 0 0 0 0 0 0 0 0 0 0 0 0 0 0 0 0 0 0 0 0 0 0 0 0 0 0 0 0 0 0 0 0 0 0 0 0 0 0 0 0 0 0 0 0 0 0 0 0 0 0 0 0 0 0 0 
