646500 640475 651725 627475 658875 638925 631400 628300 643400 645375 657475 633225 619575 647525 647900 615250 661125 670800 620325 658525 669175 647525 637525 635325 637550 653025 660475 638775 660600 646325 625225 655025 644400 670200 653850 663625 607625 618950 627250 629750 614225 637200 651925 659825 625750 631625 631775 636825 662875 639075 645225 614775 643975 629675 623875 649600 626300 652075 645900 636075 632325 587075 652700 659025 654850 647175 669575 646350 608275 667300 626975 626675 662050 636725 665925 684425 625400 646900 653200 627225 632775 627050 654475 666275 654225 652775 643450 638750 645025 637225 645850 634725 630550 598675 626350 671275 631700 631225 626225 638300 
0 660250 0 0 0 0 0 0 0 0 0 0 0 644575 0 0 0 0 0 0 0 0 0 634625 0 0 0 0 0 0 0 0 0 0 0 0 640600 0 616550 623600 0 0 0 0 645325 0 665875 644575 0 0 0 0 0 0 0 0 0 0 0 0 0 0 0 0 0 0 0 0 0 0 0 0 0 0 0 0 0 0 0 0 0 0 0 0 0 0 0 0 0 0 0 0 0 0 0 0 0 0 0 0 
0 0 627925 591125 0 0 0 0 0 0 0 0 0 0 0 0 0 0 0 0 0 0 0 0 0 0 0 0 0 0 0 0 0 0 0 0 0 0 641650 0 0 0 0 0 653400 0 0 0 0 0 0 0 0 0 0 0 0 0 652850 0 0 0 0 0 0 0 0 0 0 0 0 0 0 0 0 641025 611100 0 0 0 0 0 0 0 0 0 0 0 0 0 0 0 0 0 0 0 0 0 0 0 
0 0 641675 630725 0 0 0 0 0 0 0 0 0 0 0 0 0 0 0 0 0 0 0 0 0 0 0 0 0 0 0 0 0 0 0 0 0 0 0 0 0 0 0 0 660125 0 0 0 0 0 0 0 0 0 0 0 0 0 0 0 0 0 0 0 0 0 0 0 654325 0 0 0 0 0 0 0 0 0 0 0 0 0 0 0 0 0 658725 0 0 0 0 0 0 0 0 626450 0 0 0 0 
0 0 0 0 672225 0 0 0 0 643375 0 0 0 0 0 0 0 0 0 0 0 0 0 0 0 0 0 0 0 0 0 0 0 0 0 0 0 0 0 0 0 0 0 0 606825 0 0 0 0 0 0 0 0 0 0 0 0 0 0 662325 0 0 0 0 0 0 0 0 0 642875 0 0 0 0 0 0 0 0 0 0 0 0 0 0 0 0 0 631900 0 0 0 0 0 0 0 0 643275 0 0 0 
0 0 0 0 0 651600 0 0 0 0 0 0 0 0 0 0 0 0 0 0 0 0 0 0 0 633975 0 0 0 0 0 0 0 0 0 610175 0 0 0 0 0 0 0 0 626150 0 0 0 0 0 0 0 0 0 0 0 0 0 0 0 0 0 0 0 0 0 0 0 0 0 0 0 0 0 0 0 0 0 0 641850 0 0 0 0 0 0 0 0 0 0 0 0 0 0 0 0 0 0 648575 0 
0 632725 0 0 0 0 629275 0 0 0 0 0 0 0 0 0 0 0 0 0 0 0 0 0 0 0 0 0 0 0 0 0 0 0 0 0 0 0 0 0 0 0 0 0 614050 631525 0 0 0 0 0 0 0 0 0 654750 0 0 0 0 0 0 0 0 0 0 0 0 0 0 0 0 0 0 0 0 0 0 0 0 0 0 0 0 0 0 0 0 0 0 0 0 0 0 0 0 0 0 0 0 
0 0 0 0 0 647125 623025 626500 0 0 0 0 0 0 0 0 0 0 0 0 0 0 0 0 0 620200 0 0 0 0 0 0 0 0 0 0 0 0 0 0 0 0 0 0 608975 0 0 0 0 0 0 0 0 0 0 0 0 0 0 0 0 0 0 0 0 0 0 0 0 0 0 0 0 0 0 0 0 0 0 0 0 0 0 0 0 0 0 0 0 0 0 0 0 0 0 0 0 0 0 0 
0 0 0 0 0 0 0 0 637875 0 0 0 0 0 0 0 0 0 0 0 0 0 0 0 0 0 0 623125 0 0 0 0 0 0 0 0 0 0 0 0 0 595525 0 0 632800 0 0 0 0 0 0 0 0 0 0 0 0 0 0 0 0 0 0 0 0 0 0 0 0 0 0 0 0 0 0 0 0 0 0 0 0 0 0 0 0 0 0 0 0 0 0 0 0 0 0 0 0 0 0 0 
0 0 0 0 0 0 0 649025 633650 622500 0 0 0 0 0 0 0 0 0 0 0 0 0 0 0 0 0 0 0 0 0 0 0 0 0 0 0 0 0 0 0 0 0 0 651750 0 0 0 0 0 0 0 0 0 0 0 0 0 0 0 0 0 0 0 0 0 0 0 0 0 0 0 0 0 0 0 0 0 0 0 0 0 0 0 0 0 0 0 0 0 0 0 0 0 0 0 0 0 0 0 
0 0 0 0 0 0 0 0 0 0 609825 0 0 648975 634425 0 0 0 0 0 0 0 0 660800 0 0 0 0 0 0 0 0 0 0 0 0 658250 0 0 0 0 0 0 0 639525 0 617425 614300 614400 0 0 0 0 0 0 0 0 0 0 0 0 0 635575 0 0 0 0 0 0 0 0 0 0 0 0 0 0 0 0 0 0 0 0 0 0 0 0 0 0 0 0 0 0 0 0 0 0 0 0 0 
0 0 0 0 0 0 0 0 0 0 0 618950 0 0 0 0 0 0 0 0 0 0 641850 0 0 0 0 0 0 0 0 0 0 0 0 0 0 0 641400 0 0 0 0 0 654300 0 0 650350 0 0 0 0 0 0 0 0 0 659700 0 0 0 0 0 0 0 0 0 0 0 0 0 0 0 0 0 0 637325 0 0 0 0 0 0 0 0 604200 0 0 0 0 0 0 0 0 0 0 0 0 0 0 
0 0 0 0 0 0 0 0 0 0 640875 0 680350 0 0 0 0 0 0 0 0 0 0 0 0 0 0 0 0 643700 0 0 0 0 0 0 0 0 0 0 0 0 0 0 597200 0 0 0 0 619925 0 0 0 0 0 0 0 0 0 0 0 0 0 0 0 0 0 0 0 0 0 0 0 0 0 0 0 0 0 0 0 0 0 0 0 0 0 0 0 0 0 0 0 0 0 0 0 0 0 0 
0 0 0 0 0 0 0 0 0 617550 0 0 618250 641625 0 0 0 0 0 0 0 0 0 0 0 0 0 0 0 0 0 0 0 0 0 0 0 0 0 0 0 0 0 0 629550 0 0 0 0 669300 0 0 0 0 0 0 0 0 0 624325 0 0 0 0 0 0 0 0 630750 0 0 0 0 0 0 0 0 0 0 0 0 0 0 0 0 0 0 0 0 0 0 0 0 0 0 0 0 0 0 0 
0 0 0 0 0 0 0 0 637475 0 0 0 0 651200 634575 0 0 0 0 0 0 0 0 0 0 0 0 0 0 0 0 0 0 0 0 0 0 0 0 0 0 0 0 0 644225 0 0 0 0 0 0 0 0 0 0 0 0 0 0 0 0 0 0 0 0 0 0 0 0 656550 0 0 0 0 0 0 0 0 0 626450 0 0 0 0 0 0 0 0 633550 0 0 0 0 0 0 0 0 657000 627125 0 
0 0 0 0 0 0 0 0 0 0 0 670850 0 0 0 627225 0 0 0 0 0 0 0 0 0 0 0 0 0 0 0 0 0 0 0 0 0 0 0 0 0 0 0 0 632525 0 0 0 0 0 0 0 0 0 0 0 0 0 0 0 0 0 0 0 0 0 0 0 0 0 0 0 0 0 0 0 0 0 0 0 0 0 0 0 0 0 0 0 0 0 0 0 0 0 0 0 0 0 0 0 
0 0 0 0 0 0 0 0 0 0 0 0 0 0 0 643975 635325 0 0 0 0 0 0 0 0 0 0 0 0 0 0 0 0 0 0 0 0 0 0 0 0 0 0 0 599550 0 0 0 0 0 0 0 0 0 0 0 0 0 0 0 0 0 0 0 0 0 0 0 0 0 0 0 0 0 0 0 0 0 0 0 0 0 0 0 0 0 0 0 0 0 0 0 0 0 0 0 0 0 0 0 
0 0 0 0 0 0 0 0 0 0 0 0 0 0 0 0 0 630425 0 0 0 635925 0 0 0 0 0 0 0 0 0 0 0 0 0 0 0 0 0 0 0 0 0 0 631925 0 0 0 0 0 0 0 0 0 0 0 0 0 0 0 0 0 0 0 0 0 0 0 0 0 0 0 0 0 0 0 0 0 0 0 0 0 0 0 0 0 0 0 0 0 0 0 0 0 0 0 0 0 0 0 
0 0 0 0 0 0 0 0 0 0 0 0 0 0 0 0 0 0 616825 0 0 0 0 0 0 0 587675 0 0 0 0 0 0 0 0 0 0 0 0 0 0 0 0 0 614775 0 0 0 0 0 0 0 0 0 0 0 0 0 0 0 0 0 0 0 0 0 0 0 0 0 0 0 0 0 0 0 0 0 0 0 0 0 0 0 0 0 0 0 0 0 0 0 0 0 0 0 0 0 0 0 
0 0 0 627700 0 0 0 0 0 0 0 0 0 0 0 0 0 0 0 659600 0 0 0 0 0 0 0 0 0 0 0 0 0 0 0 0 0 0 0 0 0 0 0 0 644950 0 0 0 0 0 0 0 0 0 0 0 0 0 0 0 0 0 0 0 0 0 0 0 0 0 0 0 0 0 0 0 0 0 0 0 0 0 0 0 0 0 0 0 0 0 0 0 0 0 0 0 0 0 0 0 
0 0 0 0 0 0 0 0 0 0 0 0 0 0 0 0 0 0 0 0 670700 0 0 0 0 0 0 0 0 0 0 0 0 0 0 0 0 0 0 0 0 0 0 0 633450 0 615050 626900 0 0 0 620225 0 0 0 0 0 642925 0 0 0 0 0 0 0 0 0 0 0 0 0 0 0 0 0 0 0 0 0 0 0 0 0 0 0 0 0 0 0 0 0 0 0 0 629225 0 0 0 0 0 
0 0 0 0 0 0 0 0 0 0 0 0 0 0 0 0 0 0 0 0 0 663450 0 0 0 0 0 0 0 0 0 0 0 0 0 0 0 0 0 0 0 0 0 0 619325 0 0 0 0 0 0 0 0 0 0 0 0 649150 644700 0 0 0 0 0 0 0 0 0 0 0 0 0 0 0 0 0 642750 0 0 0 0 0 0 0 0 0 610275 0 0 0 0 0 0 0 0 0 0 0 0 0 
0 0 0 0 0 0 0 0 0 0 0 0 0 0 0 0 0 0 0 0 0 0 677650 0 0 0 0 0 0 0 638225 0 0 0 0 0 0 0 0 654275 0 0 0 0 644375 0 0 0 0 626050 0 0 0 0 0 0 0 0 0 663650 0 0 0 0 0 0 0 0 659675 0 0 0 0 0 0 0 0 0 0 0 0 0 0 0 0 0 0 622875 0 0 0 0 0 0 0 0 0 0 0 0 
0 0 0 0 0 0 0 635725 0 0 0 0 0 651675 0 0 0 0 0 0 0 0 0 622250 0 0 0 0 0 0 0 0 0 0 0 0 0 0 0 0 0 0 0 0 623600 0 0 0 0 0 0 0 0 0 0 0 0 0 0 623175 0 0 0 0 0 0 0 0 0 636750 0 0 0 0 0 0 0 0 0 598975 0 0 0 0 0 0 0 644825 0 0 0 0 0 0 0 0 0 633375 641675 0 
0 0 0 0 0 0 0 0 0 0 0 0 0 0 0 0 0 0 0 637925 617850 0 0 0 685275 0 0 0 0 621050 0 0 0 0 0 0 0 0 0 0 0 0 0 0 638600 0 0 0 0 0 0 0 0 0 0 0 0 0 0 0 0 0 0 0 0 0 0 0 0 0 0 0 0 0 0 0 0 0 0 0 0 0 0 0 0 0 0 0 0 0 0 0 0 0 0 0 0 0 0 0 
0 0 0 0 0 635650 0 0 0 656750 0 0 0 0 0 0 0 0 0 0 0 0 0 0 654150 625475 0 0 0 0 0 0 0 0 0 0 0 0 0 0 0 0 0 0 671300 0 0 0 0 0 0 0 0 0 0 0 0 0 0 0 0 0 0 0 0 0 0 0 0 0 0 0 0 0 0 0 0 0 0 653475 0 0 0 0 0 0 0 0 0 0 0 0 0 0 0 0 0 0 629400 0 
0 0 0 0 0 0 0 0 0 0 0 0 0 0 0 0 0 0 0 0 0 0 0 0 0 0 630750 0 0 0 0 0 0 0 0 0 0 0 0 0 611700 0 0 0 664600 0 0 0 0 0 627450 0 0 0 0 0 0 0 0 0 0 0 0 0 0 0 0 0 0 0 0 0 0 0 0 0 0 0 0 0 0 0 0 0 0 0 0 0 0 0 0 0 0 0 0 0 0 0 0 0 
0 0 0 0 0 0 0 645300 0 0 0 0 0 0 0 0 654100 0 0 0 0 0 0 0 0 0 0 619300 0 0 0 0 0 0 0 0 0 0 0 0 0 0 0 0 605925 0 0 0 0 0 0 0 0 0 0 0 0 0 0 0 0 0 0 0 0 0 0 0 0 0 0 0 0 0 0 0 0 0 0 0 0 0 0 0 0 0 0 0 0 0 0 0 0 0 0 0 0 0 0 0 
0 0 0 0 0 0 0 0 0 0 0 0 0 0 0 0 0 0 0 0 0 0 0 0 0 0 0 0 603950 0 0 0 0 0 0 0 0 0 0 0 0 0 0 0 623700 0 0 0 0 0 0 0 634400 0 0 0 0 0 0 0 0 0 624950 0 0 0 0 0 0 0 0 0 617000 0 0 0 0 0 0 0 0 0 0 0 0 0 0 0 0 0 0 0 0 0 0 0 0 0 0 0 
0 0 0 0 0 0 0 0 0 0 0 0 0 0 0 0 0 0 0 0 0 0 0 0 0 0 0 0 641425 610325 0 0 0 0 0 0 635750 0 0 0 0 0 0 0 629200 0 0 0 0 0 0 0 0 0 0 0 0 0 0 0 0 0 0 0 0 611775 0 0 0 0 0 0 0 0 0 652800 0 0 0 0 0 0 0 0 0 0 0 0 0 0 0 0 0 0 0 622800 0 0 0 0 
0 0 0 0 0 0 0 0 0 0 0 0 0 0 0 0 0 0 0 0 0 0 0 0 0 0 0 0 0 0 622125 632700 0 0 602325 0 0 0 642050 627775 0 0 0 0 605325 0 0 0 0 0 0 0 0 0 0 0 0 0 0 0 0 0 0 0 0 0 0 642125 0 0 0 0 0 0 0 0 0 0 0 0 0 0 0 0 0 0 0 0 0 0 0 0 0 0 0 0 0 0 0 0 
0 0 0 0 0 0 0 0 0 0 0 640900 0 0 0 0 0 0 0 0 0 0 0 0 0 0 0 0 0 0 0 655900 0 0 0 0 0 0 0 0 0 0 0 0 653875 0 0 0 0 0 0 0 0 0 0 0 0 0 0 654075 0 0 0 0 0 0 0 0 652625 0 0 0 0 0 0 0 0 636650 0 0 0 0 0 0 0 0 642625 0 0 0 0 0 0 0 0 0 0 0 0 0 
0 0 0 0 0 0 0 0 0 676175 0 0 0 0 0 0 0 0 0 0 0 0 0 0 0 0 0 0 0 0 0 0 625125 0 0 0 0 0 0 0 0 0 0 0 642075 0 0 0 0 0 0 0 0 0 0 0 0 0 0 645125 0 0 0 0 0 0 0 0 0 634925 0 0 0 0 0 0 0 0 0 613725 0 0 0 0 0 0 0 629050 0 0 0 610275 0 0 0 0 0 654625 656225 0 
0 0 0 0 0 0 0 0 0 0 0 0 0 0 0 0 0 0 0 0 0 0 0 0 0 0 0 0 0 0 0 0 0 616225 0 0 0 0 621900 625850 0 0 0 0 634700 0 0 0 0 0 0 0 0 0 0 0 0 0 0 0 0 0 0 0 0 0 0 0 0 0 0 0 0 0 0 0 0 0 626100 0 0 0 0 0 0 0 0 0 0 0 0 0 0 0 0 0 0 0 0 0 
0 0 0 0 680225 0 0 0 0 0 0 0 0 0 0 0 0 0 0 0 0 0 0 0 0 0 0 0 0 608675 0 0 0 0 622950 0 653300 0 639400 0 0 0 0 0 627475 0 634675 634375 0 0 0 0 0 0 0 0 0 0 0 0 0 0 0 0 0 0 0 0 0 0 0 0 0 0 0 0 0 0 0 0 0 0 0 0 0 0 0 0 0 0 0 0 0 0 0 0 0 0 0 0 
0 0 0 0 0 0 0 0 0 0 0 0 0 0 0 0 0 0 0 0 0 0 0 0 0 0 0 0 0 0 0 675700 0 0 670375 642575 0 0 0 0 0 0 0 0 668425 0 0 0 0 661625 0 0 0 0 0 0 0 0 635550 0 0 0 0 0 0 0 0 0 0 0 0 0 0 0 0 0 0 0 0 0 0 0 0 0 0 0 0 0 631075 0 0 0 0 0 0 0 0 0 0 0 
662300 0 0 0 0 0 0 0 0 0 0 0 0 0 0 0 0 0 0 0 0 0 0 0 0 0 0 0 0 0 0 623525 0 0 0 626650 656075 0 0 0 0 0 0 0 627850 645425 0 0 0 0 0 0 0 0 0 0 0 0 0 0 0 0 0 0 0 0 0 0 0 0 0 0 0 0 0 0 0 0 0 0 0 0 0 0 0 0 0 0 0 0 0 0 0 0 0 0 0 0 0 0 
0 0 0 0 0 0 0 0 0 0 0 0 0 0 0 0 0 0 0 0 0 0 640425 0 0 0 0 0 0 0 0 0 645950 0 0 0 0 648525 0 0 0 0 0 0 643825 0 0 0 0 0 0 0 0 0 0 0 0 0 0 0 0 0 0 0 0 0 0 0 0 0 0 0 0 0 0 0 0 0 0 0 0 0 0 0 0 0 0 0 0 0 0 0 0 0 0 0 0 0 0 0 
0 0 0 0 0 0 0 0 0 0 0 0 0 0 0 0 0 0 0 0 0 0 0 0 0 0 0 0 0 0 0 0 0 0 0 0 0 651325 614975 0 0 0 640025 0 621300 0 0 0 0 0 0 0 652125 0 0 0 0 0 0 0 0 0 0 0 0 0 0 0 0 0 0 0 0 0 0 0 0 0 0 0 0 0 0 0 0 0 0 0 0 0 0 0 0 0 0 0 0 0 0 0 
0 0 0 0 0 0 0 0 0 0 0 0 0 0 0 0 0 0 0 0 0 0 0 0 0 0 0 0 0 648250 0 0 0 0 647800 0 0 0 0 661975 0 0 0 0 642700 0 0 0 0 0 0 0 0 0 0 0 0 0 0 0 0 0 0 0 0 655425 0 0 0 0 0 0 0 0 0 629950 0 0 0 0 0 0 0 0 648750 624075 0 0 0 0 0 0 0 0 0 0 0 0 0 0 
0 0 0 0 0 0 0 0 0 0 0 0 0 0 0 0 0 0 0 0 637550 0 0 0 0 0 0 0 0 0 0 0 0 0 0 0 0 0 0 0 686200 0 0 0 659075 0 0 0 0 632500 0 0 0 0 0 0 0 0 638325 0 0 0 0 0 0 0 0 0 0 0 0 0 0 0 0 0 0 0 0 0 0 0 0 0 0 0 676625 0 0 0 0 0 0 0 0 0 0 0 0 0 
0 0 0 0 0 0 0 0 0 632050 0 0 0 0 0 0 0 0 0 0 0 0 0 0 0 0 0 0 0 0 0 0 0 0 0 0 0 0 0 0 0 657300 0 0 651225 0 0 0 0 623375 0 0 0 0 0 0 0 0 0 631600 0 0 0 0 0 0 0 0 664850 640725 0 0 0 0 0 0 0 0 607675 634450 0 0 0 0 0 0 0 639500 0 642525 0 0 0 0 0 0 0 640150 0 0 
0 0 0 0 0 0 0 0 0 0 0 0 0 0 0 0 0 0 0 0 0 0 0 0 0 0 0 0 0 0 0 0 0 0 0 0 0 0 646500 0 0 0 659875 0 648075 0 0 0 0 0 0 0 0 0 0 0 0 0 626025 0 0 0 0 0 0 0 0 0 0 0 0 0 0 0 0 611450 623800 0 0 0 0 668450 0 0 0 0 0 0 0 0 0 0 0 0 0 0 0 0 0 633400 
0 0 0 0 0 0 0 0 0 0 0 0 0 0 630575 0 0 0 625400 0 0 0 0 0 0 0 0 0 0 0 0 0 0 0 0 0 648650 0 0 0 0 0 0 625800 624375 0 638350 613675 0 0 0 0 0 0 0 0 0 0 0 0 0 0 0 0 0 0 0 0 0 0 0 0 0 0 0 0 0 0 0 0 0 0 0 0 0 0 0 0 0 0 0 0 0 0 0 0 0 0 0 0 
638750 646900 677950 635750 659250 645850 666400 626775 630550 642750 626450 666900 649600 657600 642300 609875 643675 596550 634550 642075 635400 635575 636150 648025 677450 653625 619625 633600 628575 636000 633600 628750 668150 599725 637350 650575 635525 667800 677375 639050 609925 635975 611925 622275 621200 648125 619425 620775 621600 651875 660625 682850 607750 626075 659425 651250 637050 653975 621100 620325 634675 644200 656600 636075 649650 671700 624875 607950 631550 644300 663675 650000 646425 610750 612575 651700 655125 625050 656600 621900 644550 660200 637225 656575 662725 652700 662275 648900 624975 638125 648825 639175 649850 646775 629750 645350 645100 644700 639825 623925 
0 0 0 0 0 0 0 0 0 0 0 0 0 0 0 0 0 0 0 0 0 0 0 0 0 619325 0 0 0 0 0 0 0 0 0 661425 0 0 620075 0 0 0 0 0 664950 663775 0 617950 0 0 0 0 0 0 0 0 0 634225 0 0 0 0 0 0 0 0 0 0 0 0 0 0 0 0 0 0 641775 0 0 0 0 0 0 0 0 0 0 0 0 0 0 0 0 0 0 0 620550 0 0 0 
0 0 0 0 0 0 0 0 0 0 0 0 0 0 0 0 0 0 0 0 0 0 0 0 0 0 0 0 0 0 0 0 0 0 0 0 0 0 0 627550 0 0 0 0 663875 0 660900 0 0 613100 0 0 0 0 0 0 0 0 0 649675 625925 0 623450 0 0 0 0 0 0 0 0 0 0 0 0 0 0 0 0 0 0 0 0 0 0 0 0 630775 0 0 0 0 0 0 0 0 0 0 609700 0 
0 0 0 0 0 0 0 0 0 0 0 0 0 0 0 0 0 630375 0 0 0 0 0 0 0 0 0 0 0 0 0 0 0 607275 0 0 0 0 0 0 0 0 0 0 617675 0 0 624475 0 0 0 0 0 0 0 0 0 0 0 0 0 0 0 0 0 0 0 0 0 0 0 0 0 0 0 0 0 0 0 0 0 0 0 0 0 0 0 0 0 0 0 0 0 0 0 0 0 0 0 0 
0 0 0 0 0 0 0 0 0 0 0 0 0 617725 0 0 0 0 645025 0 0 0 0 599700 0 0 0 0 0 0 0 0 0 0 0 0 0 0 0 0 0 0 0 0 665000 0 0 0 635200 0 0 0 0 0 0 0 0 0 0 0 0 0 0 0 0 0 0 0 0 0 0 0 0 0 0 0 0 0 0 0 0 0 0 0 0 0 0 0 0 0 0 0 0 0 0 0 0 0 0 0 
0 0 0 0 0 0 0 0 0 0 0 0 0 0 0 0 0 0 0 646025 0 0 0 0 0 0 0 0 0 0 0 0 0 0 0 0 0 0 0 0 0 0 0 0 632125 0 0 0 665800 607000 0 0 0 0 0 0 0 0 0 0 0 0 0 0 638075 0 0 0 0 0 0 0 0 0 0 0 0 0 0 0 0 0 0 0 0 0 0 0 0 0 0 0 0 0 0 0 0 0 0 0 
0 0 0 0 0 0 0 0 0 0 0 0 0 0 0 0 0 0 0 0 0 0 0 0 0 0 0 0 0 0 0 0 0 0 0 0 0 0 0 0 0 0 0 0 610900 0 0 0 0 0 679750 0 0 0 0 0 0 0 0 653000 0 0 0 0 0 0 0 0 643650 642425 0 0 0 0 0 0 0 0 0 0 0 0 0 0 0 0 0 624325 0 0 0 0 0 0 0 0 0 629425 0 0 
0 620600 0 0 0 0 0 0 0 0 0 0 0 0 0 0 0 0 0 0 0 0 0 0 0 0 0 0 0 0 0 638000 0 0 0 0 0 0 0 0 0 0 0 0 639400 0 0 0 0 0 0 644900 0 0 0 0 0 0 0 0 0 0 0 0 0 0 0 0 0 0 0 0 0 0 0 0 0 0 0 0 0 0 0 0 0 0 0 0 0 654600 0 0 0 0 0 0 0 0 0 0 
0 0 0 0 0 0 0 0 0 0 0 0 616500 0 0 0 0 0 0 0 0 0 0 0 0 0 0 0 0 0 0 0 0 0 0 0 0 0 0 0 0 0 0 0 619725 0 0 0 0 0 0 0 611700 0 0 0 0 0 0 610325 0 0 0 0 0 0 0 0 666175 643250 0 0 0 0 0 0 0 0 0 0 670200 0 0 0 0 0 0 663500 0 0 0 0 0 0 0 0 0 636375 0 0 
0 0 0 0 0 0 0 0 0 0 0 0 0 0 0 0 0 0 0 0 0 0 0 0 0 0 0 0 0 0 0 0 0 0 0 0 0 0 0 0 0 0 0 0 649150 0 0 0 0 0 0 0 0 654400 0 0 0 641200 656525 0 0 0 0 0 0 0 0 0 0 651375 0 0 0 0 0 0 621050 0 0 0 0 0 0 0 0 0 630875 0 0 0 0 0 0 0 0 0 0 0 0 0 
0 0 0 0 0 0 0 0 0 0 0 0 0 0 0 0 0 0 0 0 0 0 0 0 0 0 0 0 0 0 0 0 0 0 0 0 0 0 0 0 0 0 0 0 625025 0 643225 632850 0 0 0 0 0 0 616750 0 0 630200 0 0 0 0 0 0 0 0 0 0 0 0 0 0 0 0 0 0 0 0 0 0 0 0 0 0 0 0 0 0 0 0 0 0 639825 0 0 0 0 0 0 0 
0 0 0 0 0 0 0 0 0 0 0 0 0 0 0 0 0 0 0 0 0 0 0 0 0 0 0 0 0 0 0 0 0 0 0 0 0 0 0 0 0 0 0 0 653675 0 0 0 0 0 0 624500 0 0 0 642450 0 0 0 606275 0 0 0 0 0 0 0 0 616075 0 0 0 0 0 0 0 0 0 0 599325 0 0 0 0 0 0 624550 0 0 0 0 0 0 0 0 0 0 0 0 0 
0 0 0 0 0 0 0 0 0 0 0 0 0 0 0 0 0 0 0 0 0 0 0 0 0 0 0 0 0 0 0 0 0 0 0 0 0 0 0 0 0 0 629475 0 635375 0 0 0 0 0 0 0 0 0 0 0 650500 0 0 0 0 0 0 0 0 0 609550 0 0 0 0 0 0 0 0 0 0 0 0 0 0 0 0 0 0 0 0 0 0 0 0 0 0 0 0 0 0 0 0 0 
0 0 0 0 0 0 0 0 0 0 0 0 0 0 0 0 0 0 0 0 0 0 0 0 0 0 0 0 0 0 0 0 0 0 0 0 0 0 0 0 0 0 0 0 620575 0 0 0 0 0 0 0 0 628675 0 0 0 601975 0 0 0 0 0 0 0 620600 0 0 0 0 0 0 639125 0 0 677825 0 0 0 0 0 0 0 0 0 0 0 613250 0 0 0 0 0 0 0 0 0 0 0 0 
0 0 0 0 0 0 0 0 0 0 0 0 0 0 0 0 0 0 618350 0 0 0 0 0 0 0 0 0 0 0 0 0 0 0 0 0 0 0 0 0 0 0 0 0 634500 0 0 0 0 0 0 0 0 0 0 0 0 0 647000 0 0 0 0 0 0 0 0 0 0 676050 0 0 0 630975 0 0 0 0 0 0 0 0 0 0 0 0 0 0 0 0 0 0 0 0 0 0 0 0 0 0 
0 0 0 0 0 0 0 0 0 0 0 0 0 0 0 0 0 0 0 0 0 0 0 0 0 0 0 0 0 0 0 0 0 0 0 0 0 0 0 0 0 0 0 0 655025 0 0 0 0 0 0 0 0 0 0 663250 0 0 0 650575 0 0 0 0 0 615300 0 0 0 0 0 0 0 0 0 0 0 0 0 0 0 0 0 0 0 0 0 0 0 650050 0 0 0 0 634850 0 0 0 0 0 
0 0 0 0 0 0 0 0 0 0 0 0 0 0 0 0 0 0 0 0 0 0 0 0 0 0 0 0 0 0 0 0 0 0 0 0 0 0 0 0 0 0 0 0 623750 0 0 0 0 0 0 0 0 0 0 0 0 0 0 0 629150 0 638725 0 0 0 0 0 0 0 0 0 0 0 0 0 0 0 0 0 0 0 0 0 0 0 0 0 0 0 0 0 0 0 0 0 0 0 624075 0 
0 0 0 0 0 0 0 0 0 0 0 0 0 0 0 0 0 0 0 0 0 0 0 0 0 0 0 0 0 0 0 0 0 0 0 0 0 0 0 0 0 651125 0 0 660325 0 0 0 0 0 0 0 0 0 0 0 0 0 0 0 0 643600 0 0 0 0 0 0 0 0 0 0 0 0 0 0 0 0 0 0 0 0 0 0 0 0 0 0 0 0 0 0 0 0 0 0 0 0 0 0 
0 0 0 0 0 0 0 0 0 0 0 0 0 0 0 0 0 0 0 0 0 0 0 0 0 0 0 0 0 0 0 0 656350 0 0 0 0 0 0 0 0 0 0 0 626800 0 0 0 0 0 0 0 0 0 0 0 0 0 0 0 0 654425 625850 0 0 0 0 0 0 0 0 0 0 0 0 0 0 0 0 0 0 0 0 0 0 0 0 0 0 0 0 0 0 0 0 0 0 0 0 0 
0 0 0 0 0 0 0 0 0 0 0 0 0 0 0 0 0 0 0 0 0 0 0 0 0 0 0 0 0 0 0 0 0 0 0 0 0 0 0 0 0 0 0 0 629850 0 0 0 0 0 0 0 0 0 0 0 0 0 0 0 0 0 0 627975 0 0 0 0 0 647725 0 0 0 0 0 0 0 0 0 643950 0 0 0 0 0 0 0 622200 0 0 0 0 0 0 0 0 0 626225 610275 644425 
0 0 0 0 0 0 0 0 0 0 0 0 0 0 0 0 0 0 0 0 0 0 0 0 0 0 0 0 0 0 0 0 0 0 0 0 0 0 0 0 0 0 0 0 633650 0 0 0 0 0 0 0 0 0 0 0 0 0 0 0 0 0 0 0 650275 0 0 0 643275 0 0 0 0 0 0 0 0 0 0 0 0 0 0 0 0 0 648775 0 0 0 0 0 0 0 0 629150 0 642200 0 0 
0 634500 0 0 0 0 0 0 0 0 0 0 0 0 0 0 0 0 0 0 0 0 0 0 0 0 0 0 0 0 0 0 0 0 0 0 0 0 0 0 0 0 0 0 643975 606925 0 0 0 0 0 0 0 0 0 634675 0 0 0 0 639400 0 0 0 0 628775 0 0 0 0 0 0 0 0 0 0 0 0 0 0 0 0 0 0 0 0 0 0 0 0 0 0 0 0 0 0 0 0 638850 0 
0 0 0 0 0 0 0 0 0 0 0 0 0 628175 0 0 0 0 0 0 0 0 0 634800 0 0 0 0 0 0 0 0 0 0 0 0 0 0 0 0 0 0 0 0 644625 0 0 0 0 0 0 0 0 0 0 0 0 0 0 0 0 0 608250 0 0 0 626575 0 0 0 0 628500 0 0 0 0 0 0 0 0 0 0 0 0 0 0 0 0 0 0 0 0 0 0 0 0 0 0 0 0 
0 0 0 0 0 0 0 0 0 0 0 0 0 0 0 0 0 0 0 0 0 0 0 0 0 0 0 0 0 0 0 0 0 0 0 0 0 0 0 0 0 0 0 0 645000 0 0 0 0 0 0 0 0 0 0 0 0 0 0 0 0 0 0 0 0 0 0 630350 0 0 0 0 0 0 0 0 0 0 651325 0 0 0 0 0 0 0 0 0 0 0 0 622900 0 0 0 0 0 0 0 0 
0 0 0 0 0 0 0 0 0 0 0 0 0 0 0 0 0 0 0 0 0 0 0 0 0 0 0 0 0 0 0 0 0 0 0 0 0 0 0 0 0 0 0 0 624850 0 0 0 0 0 0 0 0 0 0 0 0 0 0 0 0 0 0 0 0 0 0 0 622650 0 0 0 0 0 0 0 0 0 0 0 621675 0 0 0 0 0 0 0 0 0 0 0 0 644700 0 0 0 0 620900 0 
0 0 0 0 0 0 0 0 0 0 0 0 0 0 0 0 0 0 0 644525 0 0 0 0 0 0 0 0 0 0 0 0 0 0 0 0 0 0 0 0 0 0 0 0 651150 0 0 0 0 0 0 0 0 0 0 0 0 0 0 0 0 0 0 0 0 0 642375 0 0 653150 0 0 0 0 0 0 602575 0 0 0 0 0 0 0 0 0 0 0 0 0 0 0 0 0 0 0 0 0 0 670350 
0 0 0 0 0 0 0 0 0 0 0 0 0 0 0 0 0 0 0 0 0 0 0 0 0 0 0 0 0 0 672550 0 0 0 0 0 0 0 0 0 0 0 0 0 615100 0 0 0 0 0 0 0 0 0 0 0 0 0 0 0 0 0 0 0 0 644150 0 0 0 0 657900 0 612000 0 0 629625 0 0 0 0 0 0 0 0 0 0 0 0 0 0 0 0 0 0 0 0 0 0 0 0 
0 0 0 0 0 0 0 0 0 0 0 0 0 0 0 0 0 0 0 0 0 0 0 0 0 0 0 0 0 0 0 0 0 0 0 0 0 0 0 0 0 0 0 0 624525 0 0 0 0 0 0 0 615950 0 0 0 0 0 0 0 0 0 663225 0 0 0 0 0 0 0 0 622325 650475 0 0 0 0 0 0 0 0 0 0 0 0 0 0 0 0 0 0 0 0 0 0 0 0 0 0 0 
0 0 629225 0 0 0 0 0 0 0 0 0 0 0 0 0 0 0 0 0 0 0 0 0 0 0 0 0 0 0 0 0 0 0 0 0 0 0 0 0 0 0 0 0 652575 0 0 0 0 0 0 0 0 0 0 0 0 0 0 0 0 0 0 0 0 0 0 0 0 0 0 0 648025 0 0 0 0 0 0 0 0 656925 0 0 0 0 0 0 0 0 0 0 0 0 0 0 0 0 0 0 
0 0 0 0 0 0 0 0 0 0 0 0 0 0 0 0 0 0 0 0 0 0 0 0 0 0 0 0 0 0 0 0 0 0 0 0 0 0 0 0 0 0 0 639825 618450 0 0 0 0 0 0 0 0 0 0 0 0 0 0 0 0 0 0 0 0 0 0 0 0 0 0 0 0 633325 0 0 0 0 0 0 0 0 0 0 0 0 0 0 0 0 0 0 0 0 0 0 0 0 0 0 
0 0 0 0 0 0 0 0 0 0 0 0 0 0 606225 0 0 0 0 0 0 0 0 0 0 0 0 0 0 0 0 0 0 0 0 0 0 0 0 0 0 0 0 0 626475 0 0 0 0 0 0 0 0 0 0 0 0 0 0 0 0 0 0 0 0 0 0 0 0 0 0 0 0 0 599375 0 0 0 0 676375 0 0 0 0 0 0 0 0 0 0 666600 0 0 0 0 0 0 596250 629000 0 
0 0 0 0 0 647625 0 0 0 0 0 0 0 0 0 0 0 0 0 0 0 0 0 0 0 626725 0 0 0 0 0 0 0 0 0 0 0 0 0 0 0 0 0 0 639400 0 0 0 0 0 0 0 0 0 0 623550 0 0 0 0 0 0 0 0 0 643850 0 0 0 0 0 0 0 0 0 647825 0 0 0 0 0 0 0 0 0 0 0 0 0 0 0 0 0 0 0 0 0 0 0 0 
0 0 0 0 0 0 638800 0 0 0 0 0 0 0 0 0 0 0 0 0 0 0 0 0 0 0 672275 0 0 0 0 0 0 0 0 0 0 0 0 0 0 0 0 0 621350 0 0 0 0 0 0 0 0 0 0 0 0 0 0 0 0 0 0 0 0 0 0 0 0 0 0 0 0 0 0 0 642050 0 0 0 0 647375 0 0 0 0 0 0 0 0 0 0 0 0 0 0 0 0 0 0 
652700 0 0 0 0 0 0 0 0 0 0 0 0 0 0 0 0 0 0 0 0 0 0 0 0 0 0 0 0 0 0 0 0 0 0 0 0 660425 0 0 0 0 0 0 677100 0 0 0 0 0 0 0 0 0 0 0 0 0 0 0 0 0 0 0 0 0 0 0 0 0 0 0 0 0 0 0 0 638150 0 608500 0 0 0 0 0 0 0 0 0 0 0 0 0 0 0 0 0 0 0 0 
0 0 0 0 0 0 0 642600 0 0 0 0 0 0 0 0 0 0 0 0 0 0 0 0 0 0 0 0 0 0 0 0 0 0 0 0 0 0 0 0 0 0 0 0 630500 0 0 0 654275 0 0 0 0 0 0 0 0 0 0 0 0 0 0 0 0 0 0 0 0 0 0 0 0 0 0 0 0 0 612175 0 0 0 0 0 0 0 0 0 0 0 0 0 0 0 0 0 0 0 0 0 
0 0 0 0 0 0 0 0 0 628350 0 0 0 0 0 0 0 0 0 0 0 0 0 0 0 0 0 0 0 0 0 0 0 0 0 0 0 0 0 0 0 0 0 0 615000 0 0 0 0 0 0 0 0 0 0 0 0 0 0 0 0 0 0 0 0 0 0 0 0 0 0 0 0 0 0 0 0 647575 0 653575 0 0 0 0 0 0 0 0 656450 0 0 0 0 0 0 0 0 0 0 0 
0 0 0 0 0 0 0 0 0 0 0 0 0 0 0 0 0 0 0 0 0 0 0 0 0 0 0 0 0 0 0 0 0 0 0 0 0 0 0 0 656650 0 0 0 624075 0 0 0 0 0 0 0 0 0 0 0 0 0 0 0 0 0 0 0 0 0 0 0 0 0 0 0 0 0 0 0 0 0 0 0 654000 0 0 0 0 0 0 0 0 0 0 0 0 0 0 0 0 0 0 0 
0 0 0 0 0 0 0 0 0 0 0 0 0 0 0 0 0 0 0 0 0 0 0 0 0 0 0 0 0 0 0 0 0 0 0 0 0 0 0 0 0 0 0 0 662400 0 0 0 0 0 0 0 0 0 0 0 0 0 0 0 0 0 0 0 0 636675 0 0 0 0 0 0 0 0 0 624825 0 0 0 0 0 652225 0 0 645675 618275 0 0 0 0 0 0 0 0 0 0 0 0 0 0 
0 0 0 0 0 0 0 0 0 0 0 0 0 0 0 0 0 0 0 0 0 0 0 0 0 0 0 0 0 0 0 0 0 0 0 0 0 0 0 0 0 0 651150 0 635025 0 0 0 0 0 0 0 617900 0 0 0 0 0 0 0 0 0 0 0 0 0 0 0 0 0 0 0 0 0 0 0 0 0 0 0 0 0 610300 0 0 0 0 0 0 0 0 0 0 0 0 0 0 0 0 0 
0 0 0 0 0 0 0 0 0 0 0 0 0 0 0 0 0 0 0 0 0 0 0 0 0 0 0 0 0 0 0 0 0 0 0 0 0 0 0 0 0 0 0 0 618675 0 0 0 0 0 0 0 0 0 0 0 0 0 0 0 0 0 0 633750 0 0 0 0 0 0 0 0 0 0 0 0 0 0 0 0 0 0 0 671050 0 0 0 0 0 0 0 0 0 0 0 0 0 0 0 0 
0 0 0 0 0 0 0 0 0 0 0 0 0 0 0 0 0 0 0 0 0 0 0 0 661775 0 0 0 0 0 0 0 0 0 645425 0 0 0 0 0 0 0 0 0 640675 0 0 0 0 0 0 0 0 0 0 0 0 0 0 0 0 0 0 0 0 0 0 0 0 0 0 0 0 0 0 0 0 0 0 0 0 0 0 0 662725 0 0 0 0 0 0 0 0 0 0 0 0 0 0 0 
0 0 0 0 0 0 0 0 0 0 0 0 0 0 0 0 0 0 0 0 0 0 0 0 0 0 0 0 0 0 0 0 0 0 0 639725 0 0 0 0 0 0 0 0 617325 601275 0 0 0 0 0 0 0 0 0 0 0 0 0 0 0 0 0 0 0 0 0 0 0 0 0 0 0 0 0 0 0 0 0 0 0 0 0 0 0 644625 0 0 0 0 0 0 0 0 0 612975 654200 0 0 0 
0 0 0 0 0 0 0 0 0 0 0 0 0 0 0 0 0 0 0 0 0 0 0 0 0 0 0 0 0 0 0 0 0 0 0 0 0 0 0 0 0 0 0 0 641450 0 0 0 0 0 0 0 0 0 0 0 624650 0 0 0 0 0 0 0 0 0 621275 0 0 0 0 0 0 0 0 0 641625 0 0 0 0 0 0 0 0 0 632800 0 656825 0 0 0 0 0 0 0 0 0 0 0 
0 0 0 0 0 0 0 0 0 0 0 0 0 0 0 0 0 0 0 0 0 0 0 0 0 0 0 643825 0 0 0 0 0 0 0 0 0 0 0 0 0 0 0 0 619750 0 0 0 0 0 0 0 0 0 0 0 0 0 0 0 0 0 0 0 0 0 0 647900 0 0 0 0 0 0 0 0 0 0 0 0 629800 0 0 0 0 0 0 638225 0 0 0 0 0 0 0 0 0 0 0 0 
0 0 0 0 0 0 0 0 0 0 0 0 0 0 0 0 0 0 0 0 0 0 0 0 0 0 0 0 0 0 0 0 0 0 0 0 0 0 0 0 0 0 0 0 631725 0 0 0 0 0 0 0 0 0 0 0 0 0 0 0 0 0 0 0 0 0 0 0 0 0 0 0 0 0 0 0 0 0 630875 0 0 0 0 0 0 0 0 0 621800 0 634075 0 0 0 0 0 0 0 0 0 
647950 0 0 0 0 0 0 0 0 0 0 0 0 0 0 0 0 0 0 0 0 0 0 0 0 0 0 0 0 0 0 0 0 0 0 0 0 0 0 0 0 0 0 0 625475 0 0 0 0 0 0 0 0 0 0 0 0 0 0 0 0 0 0 0 0 0 0 0 0 0 0 0 0 0 0 0 0 0 0 0 0 0 0 0 0 0 0 0 0 624500 0 0 0 0 0 0 0 0 0 0 
0 0 0 0 0 0 0 0 0 0 635175 0 0 0 0 0 0 0 0 0 0 0 0 0 0 0 0 0 0 0 0 0 0 0 0 0 0 0 0 0 0 0 0 0 630325 0 0 0 0 0 0 0 0 0 0 0 0 0 0 0 0 0 0 0 0 0 0 0 0 0 0 0 0 0 0 0 0 0 0 0 0 0 0 0 0 0 0 0 0 0 639550 0 0 0 0 0 0 0 0 0 
0 0 0 0 0 0 0 0 0 0 0 0 0 0 0 0 0 0 0 0 0 0 0 0 0 0 0 0 0 0 0 0 0 0 0 0 0 0 0 0 0 0 0 0 661500 0 0 0 0 0 0 0 0 0 0 0 0 0 0 0 0 0 0 0 0 0 0 0 0 0 0 0 0 0 0 0 0 0 0 0 0 0 0 0 0 0 0 0 0 0 0 617675 0 0 638975 0 0 0 0 0 
0 0 0 0 0 0 0 0 0 0 0 0 0 0 0 0 0 0 0 0 0 0 0 0 0 0 0 0 0 0 0 0 0 0 0 0 0 0 0 0 0 0 0 0 650500 0 0 0 0 0 0 0 0 0 0 0 0 0 0 0 0 0 0 0 0 0 0 0 0 0 0 0 0 0 0 0 0 0 0 0 0 0 644925 0 0 0 0 0 0 0 0 0 654075 0 0 0 0 0 0 0 
0 0 0 0 0 0 0 0 0 0 0 0 0 0 0 0 0 0 0 0 0 0 0 0 0 0 0 0 0 0 0 0 0 0 0 0 0 0 0 0 0 0 0 0 614825 0 0 0 0 0 0 0 0 0 0 0 0 0 0 0 0 0 0 0 0 0 0 0 0 0 0 0 0 0 0 0 0 0 0 0 0 0 0 606650 0 0 0 0 0 0 0 0 0 651350 0 0 0 0 0 0 
0 0 0 0 0 0 0 0 0 0 0 0 0 0 0 0 0 0 0 0 0 0 0 0 0 0 0 0 0 0 0 0 0 0 0 0 0 0 0 0 0 0 0 0 637600 0 0 0 0 0 0 0 0 0 624725 0 0 0 0 0 0 0 0 0 0 0 0 0 0 0 0 0 0 0 0 0 0 0 0 0 0 0 0 0 0 0 0 0 0 0 0 0 622450 0 664850 0 0 0 0 0 
0 0 0 0 0 0 0 0 0 0 0 0 0 0 0 0 0 0 0 0 0 0 0 0 0 0 0 0 0 0 0 0 0 0 0 0 624050 0 0 0 0 0 0 0 622075 0 0 0 0 0 0 0 0 0 0 0 0 0 0 0 0 0 0 0 0 663325 0 0 0 0 0 0 0 0 655800 613350 0 0 0 0 0 0 0 0 0 0 0 0 0 0 0 0 0 0 0 637100 0 644850 0 0 
0 0 0 0 0 0 0 0 0 0 0 0 0 0 0 0 0 0 0 0 0 0 0 0 0 0 0 0 0 0 0 0 0 0 0 0 0 0 0 0 0 0 0 0 649700 0 0 0 0 0 0 0 0 0 0 0 0 0 0 0 0 0 0 0 0 0 0 0 0 0 0 0 0 0 0 0 0 0 0 0 0 0 0 0 0 630450 0 0 0 0 0 633775 0 0 0 645550 651775 0 0 0 
0 0 0 0 0 0 0 0 664750 0 0 0 0 0 0 0 0 0 0 0 0 0 0 0 0 0 0 0 0 0 0 0 0 0 0 0 0 0 0 0 0 0 0 0 686275 0 0 0 0 0 0 0 0 0 0 0 0 0 0 0 0 0 0 0 0 0 0 0 0 0 0 0 0 0 0 0 0 653375 0 0 0 0 0 0 0 0 0 0 0 0 0 0 0 0 0 0 591675 635800 0 0 
0 659625 0 0 0 0 0 0 659400 0 0 0 0 0 0 0 0 0 0 0 0 0 0 0 0 0 0 0 0 0 0 0 0 0 0 0 0 0 0 0 0 0 0 0 622000 0 0 0 0 0 0 0 0 0 0 0 0 0 0 0 0 0 0 0 0 0 0 0 0 0 0 0 0 0 0 0 0 0 0 0 0 0 0 0 0 0 0 0 638425 0 0 0 0 0 0 0 0 0 624500 0 
0 0 0 0 0 0 0 0 0 0 0 0 0 0 0 0 0 0 0 0 0 0 0 0 0 0 0 0 0 0 0 0 0 0 0 0 0 0 0 0 0 0 0 0 626050 0 0 0 0 0 0 0 0 0 0 0 640625 0 0 0 0 0 0 0 0 0 0 0 0 0 0 0 0 0 0 0 0 0 0 0 0 0 0 0 0 0 0 0 0 0 0 0 0 0 0 0 0 0 0 655325 
