616400 602500 653025 633250 653000 613150 646200 610750 677425 646100 659375 635000 665475 664450 634250 632975 629975 631425 657650 637725 638925 638875 659650 637925 640675 648500 660575 641975 660125 634300 638875 620500 661625 643475 621575 633125 645750 652275 631275 641400 648700 655300 646475 630475 613500 615600 668975 659425 666450 654425 653725 666475 676325 636525 637825 649050 635975 617925 640300 664325 640375 642175 638975 611950 636425 627400 619625 649775 618600 615675 625575 645875 647325 642525 631075 643125 614950 646250 640800 600700 644950 637250 651850 606275 638650 639100 641525 629500 640125 636425 623275 630325 622475 652700 631875 666950 649075 621275 629000 637050 
0 641450 0 0 0 0 0 0 618500 0 0 0 0 0 0 0 0 0 630600 0 0 0 0 0 0 0 0 0 0 0 0 0 0 0 0 0 0 0 662975 0 0 0 0 0 618800 0 0 0 629000 0 0 0 0 0 0 0 0 0 0 0 0 0 0 0 0 0 0 0 0 0 0 0 0 0 0 0 0 0 0 0 0 0 0 0 0 0 0 0 0 656200 0 0 0 0 0 0 0 0 0 0 
0 0 655550 0 0 0 615575 0 634200 0 0 0 0 0 0 0 0 0 667400 0 0 0 0 0 0 0 0 0 0 0 0 0 0 0 0 0 0 0 0 0 0 0 0 0 641050 0 0 0 0 0 0 0 0 0 0 0 0 0 0 0 0 0 0 0 0 0 0 0 0 0 0 0 0 0 0 0 0 0 0 0 0 0 0 0 0 0 0 0 0 0 0 0 0 0 0 0 0 0 0 0 
0 0 0 646425 0 0 0 0 0 0 0 0 0 0 0 0 0 0 0 0 0 0 0 0 0 0 0 0 0 0 0 0 0 0 0 0 0 0 0 0 0 0 0 0 618875 0 0 0 0 0 0 0 0 0 0 0 0 0 0 0 0 0 0 0 0 0 0 0 0 0 0 0 645750 649225 0 0 0 0 0 0 0 0 0 0 0 0 0 0 0 0 0 0 0 0 0 0 0 0 0 0 
0 0 0 0 641200 0 0 0 0 0 0 0 0 0 0 0 0 0 0 0 0 0 0 0 0 0 0 0 0 0 0 0 638025 0 0 0 0 0 0 0 0 0 0 0 627125 0 0 0 0 0 0 0 0 0 0 0 0 0 0 0 0 0 0 0 0 0 0 0 0 0 0 0 0 0 0 0 0 0 0 0 0 0 0 0 0 0 0 0 0 0 0 0 0 0 0 0 0 0 0 0 
0 0 0 0 0 655175 646600 0 0 0 0 0 0 0 0 0 0 0 0 0 0 0 0 0 0 0 0 0 0 0 0 0 0 0 0 0 0 0 0 0 0 0 0 0 643625 645650 0 0 0 0 0 0 0 0 0 0 0 0 0 0 0 0 0 0 0 0 0 0 0 0 0 0 0 0 0 0 0 0 0 0 0 0 0 0 0 0 0 0 0 0 0 0 0 0 0 0 0 0 0 0 
0 637975 0 0 0 0 620825 0 0 0 0 0 0 0 0 0 0 0 0 0 0 0 0 0 0 0 0 620325 0 0 0 0 0 0 0 0 0 637600 0 0 0 0 0 0 655975 0 0 0 0 0 0 0 0 632950 0 0 0 0 0 0 0 0 0 0 0 0 0 0 0 0 0 0 0 0 0 0 0 0 0 0 0 0 0 0 0 0 0 0 0 0 0 0 0 0 0 0 0 0 0 0 
0 0 0 0 0 0 0 664650 0 0 0 0 0 0 0 0 0 0 0 0 0 0 0 0 0 631775 0 0 0 0 0 0 0 0 0 0 0 0 637075 0 0 0 0 0 659850 0 0 0 658125 0 0 0 0 0 0 0 0 0 640850 0 0 0 0 0 0 0 0 0 636725 0 0 0 0 0 0 0 0 0 0 0 0 0 0 0 0 0 0 645325 0 0 0 0 0 0 0 0 0 0 0 0 
0 0 0 0 0 0 0 680150 651650 597600 0 0 0 0 0 0 0 0 0 651950 0 0 0 0 0 0 0 0 0 649025 0 0 0 0 0 0 0 0 0 0 0 0 0 0 636600 0 0 0 0 0 0 0 0 0 0 0 0 0 0 0 0 0 0 0 632450 0 0 0 0 0 0 0 0 0 0 0 0 0 0 0 0 0 0 0 0 0 0 0 0 0 0 0 0 0 0 0 0 0 0 0 
0 0 0 0 0 0 0 641175 654475 636750 0 0 0 0 0 0 0 630825 0 0 0 0 0 0 0 0 0 0 0 655825 0 0 0 0 0 0 0 0 0 0 0 0 0 0 662625 0 0 0 0 0 0 0 0 0 0 0 0 0 0 0 0 0 0 0 0 0 0 0 0 0 0 0 0 0 0 0 0 0 0 0 0 0 0 0 0 0 0 0 0 0 0 0 0 0 0 0 0 0 0 0 
655350 0 0 0 0 0 0 0 0 0 677325 0 0 0 0 0 0 0 0 0 0 0 0 0 0 0 0 0 0 0 0 0 0 0 0 0 0 0 666175 0 0 0 0 0 627425 0 0 0 0 649275 0 0 0 0 0 0 0 0 0 0 0 0 0 0 0 0 0 603800 0 0 0 0 0 0 0 0 0 0 0 0 0 0 0 0 0 0 0 0 0 0 0 0 0 0 0 0 0 0 654775 0 
0 0 0 0 0 0 0 0 0 0 0 608650 0 0 0 0 0 644350 0 0 0 0 0 0 0 0 0 639050 0 0 0 0 0 0 0 0 0 0 0 0 0 0 0 0 641675 0 0 0 0 0 0 0 0 0 0 0 0 0 0 0 0 0 0 0 0 0 0 0 0 0 0 0 0 0 0 0 0 0 0 0 0 0 0 0 0 0 0 0 0 0 0 0 0 0 0 0 0 0 0 0 
0 0 0 0 0 0 0 0 0 0 650650 0 648325 0 0 0 0 0 0 0 0 0 0 0 0 0 0 0 0 0 0 0 0 0 0 0 0 0 0 0 0 0 0 0 644800 0 0 0 0 0 0 0 0 0 0 0 0 0 0 0 0 0 0 0 0 0 0 0 0 0 0 0 0 0 0 0 0 0 0 0 0 0 0 0 0 0 0 0 0 0 663275 0 0 0 0 0 0 0 0 0 
0 0 0 0 0 0 0 0 0 0 0 0 0 644575 0 0 0 0 0 0 0 0 0 0 0 0 0 0 0 0 0 0 0 0 0 0 0 0 0 0 0 645000 0 0 620525 0 0 0 0 0 0 0 0 636275 0 0 0 0 0 0 0 0 655400 0 0 0 0 0 0 0 0 0 0 0 0 0 0 0 0 0 0 0 0 0 0 0 0 0 0 0 0 0 0 0 0 0 0 0 0 0 
0 0 0 0 0 0 0 0 0 0 0 0 0 661675 663975 0 0 0 0 0 0 0 0 0 0 0 0 0 0 0 0 0 0 0 0 0 0 0 0 0 0 0 0 0 649200 0 0 0 0 0 0 0 0 0 0 0 0 0 0 0 0 0 0 0 0 0 0 0 0 0 0 0 0 0 0 0 0 0 0 0 0 0 0 0 0 0 0 0 0 0 0 0 0 0 0 0 0 0 0 0 
0 0 0 0 0 0 0 0 0 0 0 0 0 0 0 638675 0 0 0 0 0 0 0 642550 604525 0 0 0 0 0 0 0 0 0 0 0 0 0 0 0 0 0 0 0 630775 0 0 0 0 0 0 0 0 0 0 0 0 0 0 0 0 0 0 0 0 0 0 0 0 0 0 0 0 0 0 0 0 0 0 0 0 0 0 0 0 0 0 0 0 0 0 0 0 0 0 0 0 0 0 0 
0 0 0 0 0 0 0 0 0 0 0 0 0 0 0 605425 638725 0 0 0 0 0 0 0 0 0 668100 0 0 0 0 0 0 0 0 0 0 0 0 0 0 0 0 0 596050 0 0 0 0 0 0 0 0 0 0 0 0 0 0 0 0 0 0 0 0 0 0 0 0 0 0 0 0 0 0 0 0 0 0 0 0 0 0 0 0 0 0 0 0 0 0 0 0 0 0 0 0 0 0 0 
0 0 0 0 0 0 0 0 0 0 0 0 0 0 0 0 637075 622275 0 0 0 0 0 0 0 0 0 0 0 0 0 0 0 0 0 0 0 638800 0 0 0 0 0 0 616850 0 0 663875 0 0 0 0 0 0 0 0 0 0 0 0 0 0 0 0 0 0 0 0 0 0 0 0 0 0 0 0 0 0 0 0 0 0 0 0 0 0 0 0 0 0 0 0 0 0 0 0 0 0 0 0 
0 0 0 0 0 0 0 0 0 0 0 0 0 0 0 0 0 0 680650 0 0 0 0 0 0 0 0 0 0 648775 0 0 0 0 0 0 605125 0 634475 0 0 0 0 0 634150 0 0 0 655925 0 0 0 0 0 0 0 0 0 655700 0 0 0 0 0 0 0 0 0 629350 0 0 0 0 0 0 0 0 0 0 0 0 0 0 0 0 0 0 0 0 0 0 0 0 0 0 0 0 0 0 0 
0 0 0 0 0 0 659225 0 649050 0 0 0 0 0 0 0 0 0 635175 657850 0 0 0 0 0 0 0 0 0 663225 0 0 0 0 0 0 0 0 0 0 0 0 0 0 628350 0 0 0 0 0 0 0 0 0 0 0 0 0 0 0 0 0 0 0 0 0 0 0 0 0 0 0 0 0 0 0 0 0 0 0 0 0 0 0 0 0 0 0 0 0 0 0 0 0 0 0 0 0 0 0 
0 0 0 0 0 0 0 0 0 0 0 0 0 0 0 0 0 0 0 0 646400 0 0 0 0 0 0 0 0 0 0 0 0 0 0 0 0 0 0 0 0 0 0 0 624600 0 0 0 0 0 0 0 0 0 0 0 623150 0 0 0 0 0 0 0 0 0 0 0 0 0 0 0 0 0 0 0 0 0 0 0 0 0 0 0 0 0 0 0 0 0 0 0 0 0 0 0 0 0 0 604000 
0 0 0 0 0 0 0 0 0 0 0 0 0 0 0 0 634200 0 0 0 0 650150 0 0 0 0 0 0 0 0 0 0 0 0 0 0 0 0 0 0 0 0 0 0 682575 0 0 0 0 0 0 0 0 0 0 0 0 0 0 0 0 0 0 0 0 0 0 0 0 0 0 0 0 0 0 0 0 0 0 0 0 0 0 0 0 0 0 0 0 0 0 0 0 0 0 0 0 0 0 0 
0 0 0 0 0 0 0 0 0 0 0 0 0 0 0 0 0 0 0 0 0 0 642750 0 0 0 0 0 0 0 0 0 0 0 0 0 0 0 0 0 0 0 0 0 634000 0 0 0 0 0 0 0 0 0 0 0 0 0 0 0 0 0 0 0 0 0 0 0 0 0 617975 0 0 0 0 0 0 0 0 0 0 0 0 0 0 0 0 0 0 0 0 0 0 0 0 0 0 0 0 0 
0 0 0 0 0 0 0 0 0 0 0 0 0 640825 0 0 0 0 0 0 0 0 0 637200 0 0 0 0 0 0 0 0 0 0 0 0 0 0 0 0 0 0 633550 0 633050 0 0 0 0 0 0 0 0 0 0 0 0 0 0 0 0 0 0 0 0 0 0 0 0 0 0 0 0 0 0 0 0 0 0 0 0 0 0 0 0 0 0 0 0 0 0 0 0 0 0 0 0 0 0 0 
0 0 0 0 0 0 0 0 0 0 0 0 593800 0 0 0 0 0 0 0 678925 0 0 668650 647450 0 0 0 0 0 0 0 0 0 0 0 0 0 0 0 0 0 0 0 653375 0 0 0 0 0 0 0 0 0 0 0 0 0 0 0 0 0 0 0 0 0 0 0 0 0 0 0 0 0 0 0 0 0 0 0 0 0 0 0 0 0 0 0 0 0 0 0 0 0 0 0 0 0 0 0 
0 0 0 0 0 632600 0 0 0 0 0 0 0 0 0 0 0 0 0 0 0 0 0 0 646375 630425 0 0 0 0 0 0 0 0 636150 0 0 0 0 0 0 0 0 0 667550 0 0 0 0 0 0 0 0 0 0 0 0 0 0 0 0 0 0 0 0 0 0 0 0 0 0 0 0 0 0 0 0 0 0 0 0 0 0 0 0 0 0 0 0 0 0 0 0 0 0 0 0 0 0 0 
0 0 0 0 0 0 0 0 0 0 0 0 0 0 0 0 0 0 0 0 0 0 0 0 0 0 659175 0 0 0 0 0 0 0 0 636550 0 0 0 0 0 0 0 0 643925 0 0 0 0 0 0 0 0 0 0 660600 0 0 0 0 0 0 0 0 0 0 0 0 0 0 0 665525 0 0 0 0 0 0 0 0 617200 0 0 0 0 0 0 0 0 0 0 0 0 0 0 0 0 0 0 0 
0 0 0 0 0 0 0 628900 0 0 0 0 0 0 0 0 0 634550 0 0 0 0 0 0 0 0 619100 618950 0 0 0 0 0 0 0 0 0 0 0 0 0 0 0 0 639400 0 0 0 0 0 0 0 0 0 0 0 0 0 0 0 0 0 0 0 0 0 0 0 0 0 0 0 0 0 0 0 0 0 0 0 0 0 0 0 0 0 0 0 0 0 0 0 0 0 0 0 0 0 0 0 
0 0 0 0 0 0 0 0 0 0 0 0 0 0 0 0 0 0 0 0 0 0 0 0 0 0 0 0 655550 0 0 0 0 0 0 0 0 0 0 0 0 0 0 0 677425 0 0 0 0 0 0 0 0 0 0 0 0 0 0 0 0 0 0 0 0 0 0 0 0 0 0 0 0 0 0 0 677475 0 0 0 0 0 0 0 0 0 0 0 0 0 0 0 0 0 0 0 0 0 0 0 
0 0 0 0 0 0 0 0 0 0 0 0 0 0 0 0 0 0 0 0 0 0 0 0 0 0 0 0 668500 650175 0 0 0 0 0 0 0 0 0 645500 0 0 0 0 671600 0 0 0 0 0 0 0 0 0 0 0 0 0 0 0 0 0 0 0 0 0 0 0 0 0 0 0 0 0 0 0 0 0 0 0 0 0 0 0 0 0 0 0 619725 0 0 0 0 0 0 0 659825 0 0 0 
0 0 0 0 0 0 0 0 0 0 0 0 0 0 0 0 0 0 0 0 0 0 0 0 0 0 0 0 0 0 638500 0 0 0 627050 647275 0 0 0 0 0 0 0 0 616625 0 0 0 0 0 0 0 0 0 0 0 0 0 0 0 0 0 0 0 0 0 0 0 0 0 0 0 0 0 0 0 0 0 0 0 0 0 0 0 0 0 0 0 0 0 0 0 0 0 0 0 0 0 0 0 
0 0 0 0 0 0 0 0 0 0 0 0 0 0 0 0 0 0 0 0 0 0 0 658950 661200 0 0 0 0 0 0 634925 0 0 0 0 0 0 0 0 0 0 0 0 675775 0 0 0 0 0 0 0 0 0 0 0 0 0 0 0 0 0 0 0 0 0 0 0 0 0 0 0 0 0 0 0 0 0 0 0 0 0 0 0 0 0 0 0 0 0 0 0 0 0 0 0 0 0 0 0 
0 0 0 0 0 0 0 0 0 0 0 0 0 0 0 0 0 0 0 0 0 0 0 0 0 0 0 0 0 0 0 0 631525 0 0 0 0 0 0 0 0 0 0 0 633875 0 0 0 0 0 0 0 645250 0 0 0 0 0 0 0 0 0 0 0 0 0 0 0 0 0 0 0 0 0 0 0 0 0 0 0 0 0 0 0 0 0 0 0 0 0 0 0 0 0 0 0 0 0 0 0 
0 0 0 0 0 0 0 0 0 0 0 0 0 0 0 0 0 0 0 0 0 0 0 0 0 0 0 0 0 0 626325 0 0 614275 0 0 0 0 0 0 0 0 0 0 647900 0 0 0 0 0 0 0 0 0 0 0 0 0 0 0 0 0 0 0 0 0 0 0 0 0 0 0 0 0 0 0 0 0 0 0 0 0 0 0 0 0 0 0 0 0 0 0 0 0 0 0 0 0 0 0 
0 659775 0 0 653000 0 0 0 0 623800 0 0 0 0 0 0 0 0 0 0 0 0 0 0 0 0 0 0 0 0 0 0 0 0 627500 0 0 0 0 0 0 0 0 0 616625 0 0 0 0 0 0 0 0 0 0 0 0 0 0 0 0 0 0 0 0 0 0 0 0 0 0 0 0 0 0 0 0 0 0 0 0 0 0 0 0 0 0 0 0 0 0 0 0 0 0 0 0 0 0 0 
0 0 0 0 0 0 0 0 0 0 0 0 0 0 0 0 0 0 0 0 0 0 0 0 0 0 0 0 0 0 0 0 0 0 616025 641225 0 0 0 0 682450 0 0 0 665350 0 0 0 0 0 0 0 0 0 0 0 0 0 0 0 0 0 0 0 0 0 0 0 0 0 0 0 0 0 0 0 0 0 0 0 0 0 0 0 0 0 0 0 0 0 0 0 0 0 0 0 0 0 0 0 
0 0 0 0 0 0 0 0 0 0 0 0 0 0 0 0 0 0 0 0 0 0 0 0 0 0 0 0 0 0 0 0 0 0 0 0 616425 0 0 0 0 0 0 0 633425 0 0 0 0 0 0 611150 0 0 0 0 0 0 0 0 0 0 0 0 0 638675 0 0 0 0 0 0 0 0 0 0 0 0 0 0 0 0 0 0 0 0 0 0 0 0 0 0 0 0 0 0 0 0 0 0 
0 0 0 0 0 0 0 0 0 0 0 0 0 0 0 0 0 600550 0 0 0 0 0 0 0 0 0 654125 0 0 0 0 0 0 0 0 0 641100 0 0 0 0 0 0 625550 0 0 0 0 0 0 0 0 0 0 0 0 0 0 0 0 0 675975 0 0 0 0 0 0 0 0 0 0 0 0 0 0 0 0 0 0 0 0 0 0 0 0 0 0 0 0 0 0 0 0 0 0 0 0 0 
0 0 0 0 0 0 0 0 0 0 0 0 0 0 0 0 0 0 0 0 0 0 0 0 0 0 0 0 0 0 0 0 0 0 0 0 0 0 656150 0 0 0 0 0 634675 0 0 636925 0 0 0 0 0 0 0 0 0 645575 0 0 0 0 0 0 0 0 0 0 0 0 0 0 0 0 0 0 0 0 0 0 0 0 615500 0 0 0 0 0 0 0 0 0 0 0 0 0 0 0 0 0 
0 0 0 0 0 0 0 0 0 0 0 0 0 0 0 0 0 0 0 0 0 0 0 0 0 0 0 0 0 0 0 0 0 0 0 0 0 0 0 620450 0 0 0 0 633250 0 0 0 627550 0 0 0 0 0 0 0 0 0 669700 0 0 0 0 0 0 0 0 0 0 0 0 0 0 0 0 0 0 647275 0 0 0 0 0 0 0 647875 0 645825 0 0 0 0 0 0 0 0 0 0 0 0 
0 0 0 0 0 0 0 0 0 0 0 0 0 0 0 0 0 0 0 0 653125 0 0 624625 0 0 0 0 0 0 0 0 0 0 0 0 0 0 0 0 636500 0 0 0 621975 0 0 0 0 0 0 0 0 0 0 0 0 0 0 0 0 0 0 0 0 0 0 0 0 0 0 0 0 0 0 0 0 0 0 0 0 0 0 0 0 0 0 0 0 0 0 0 0 0 0 0 0 0 0 0 
0 0 0 0 0 0 0 0 0 0 0 0 0 0 0 0 0 0 0 0 0 0 0 0 0 0 0 0 0 0 0 0 0 0 0 0 0 0 0 0 0 629800 670175 0 663250 0 0 0 0 0 0 0 0 0 0 0 0 0 0 0 0 0 0 0 0 0 0 0 0 0 0 0 0 0 0 0 0 0 0 0 0 0 0 0 0 0 0 0 0 0 0 0 0 0 0 0 0 0 0 0 
0 0 647925 0 0 0 0 0 0 0 0 0 0 0 0 0 0 0 0 0 0 0 0 0 0 0 0 0 0 0 0 0 0 0 0 0 0 0 0 0 0 0 641375 652025 658925 0 0 0 0 0 0 0 0 0 0 0 0 0 0 0 0 0 0 0 0 0 0 0 0 0 0 0 0 0 0 0 0 0 0 0 0 0 0 0 0 0 0 0 0 0 0 0 0 0 0 0 0 0 0 0 
0 0 0 0 0 0 0 0 0 0 610350 0 0 0 0 0 0 0 0 0 0 0 0 0 0 0 0 0 0 0 0 0 0 0 0 0 0 0 0 0 0 0 0 638825 626050 0 0 0 0 604250 0 0 0 0 0 0 0 0 0 0 0 0 0 623100 0 0 0 0 0 0 0 0 0 0 0 0 0 0 0 0 0 0 0 0 0 0 0 0 0 0 0 0 0 0 0 0 0 0 0 630600 
626450 635675 641325 649775 669475 644725 628325 633400 642100 635700 619000 628350 623450 601850 620125 650550 648650 631450 626375 636175 659500 621900 618700 628975 603750 635100 643350 614200 643050 639475 651600 661000 652400 651100 628025 631400 666750 657300 639600 665725 676225 631400 607125 656275 606950 658550 662450 663050 628800 636550 621050 625275 664050 664050 625450 623550 636775 636500 616725 634225 632725 633575 632700 648875 633725 641125 619300 626150 640950 626525 645700 668250 631575 636425 662050 645625 613450 644475 653675 658350 629225 628775 664750 633975 643450 672000 637500 658425 665925 666150 648900 646950 628500 631250 660200 645325 644525 627750 661600 603425 
0 0 0 0 0 0 635350 0 0 0 0 651200 0 0 0 0 0 0 0 0 0 0 0 0 0 0 0 0 0 0 0 0 0 0 0 0 0 0 0 0 0 0 0 0 676350 645300 0 0 0 0 0 0 0 0 0 0 0 0 0 0 0 0 0 0 0 0 0 0 0 0 0 0 0 0 0 0 0 0 0 0 0 0 0 0 0 0 0 0 0 0 0 0 0 0 0 0 0 0 0 0 
0 0 0 0 0 0 0 0 0 0 0 0 0 0 0 0 0 0 0 0 0 0 620600 0 0 0 0 0 0 0 0 0 0 0 0 0 0 0 0 0 0 0 0 0 626775 0 661000 0 0 0 0 0 0 0 0 0 0 0 0 0 0 0 0 0 0 0 654675 0 0 0 0 0 0 0 0 0 0 0 0 0 0 0 0 0 0 0 0 0 0 0 0 0 0 0 0 0 0 0 0 0 
0 0 0 0 0 0 0 0 0 0 0 0 0 0 0 0 0 0 0 0 0 0 0 0 0 0 0 0 0 0 0 0 0 624700 0 0 0 658025 0 0 0 0 0 0 630550 0 0 673450 0 0 0 0 0 0 0 0 0 0 0 0 0 0 0 0 0 0 0 0 0 0 0 0 0 0 0 0 0 0 0 0 0 0 0 0 0 0 0 0 0 0 0 0 0 0 0 0 0 0 0 0 
0 0 0 0 0 0 0 0 645000 0 0 0 0 0 0 0 0 0 628550 0 0 0 0 0 0 0 0 0 0 0 0 0 0 0 0 0 0 0 635800 0 0 0 0 0 635000 665825 0 0 632325 0 0 0 0 0 0 0 0 0 0 0 0 0 0 0 0 0 0 0 0 0 0 0 0 0 0 0 0 0 0 0 0 0 0 0 0 0 0 0 0 0 0 0 0 0 0 0 0 0 0 0 
0 0 0 0 0 0 0 0 0 0 0 0 0 0 0 0 0 0 0 0 0 0 0 0 0 0 0 0 0 0 0 0 0 0 0 0 0 0 0 0 0 0 0 0 657075 0 625775 0 630325 633000 0 0 0 0 0 0 0 0 621750 0 0 0 0 0 0 0 0 0 662475 0 0 0 0 0 0 0 0 0 0 0 0 0 0 0 0 0 0 0 0 0 0 0 0 0 0 0 0 0 0 0 
0 0 0 0 0 0 0 0 0 0 0 0 0 0 0 0 0 0 0 0 0 0 0 0 0 0 0 0 0 0 0 0 0 0 0 639000 0 0 0 0 0 0 0 0 645875 0 0 0 0 0 660675 0 0 0 0 630200 0 0 0 0 0 0 0 0 0 0 0 0 0 0 0 0 0 0 0 0 0 0 0 0 0 0 0 0 0 0 0 0 0 0 0 0 0 0 0 0 0 0 0 0 
0 607100 0 0 0 0 0 0 0 0 0 0 0 0 0 0 0 0 0 0 0 0 0 0 0 0 0 0 0 0 0 0 0 0 0 0 0 0 0 0 0 0 0 0 647200 0 0 0 0 0 0 626175 0 651600 0 0 0 0 0 0 0 0 0 0 0 0 0 0 0 0 0 0 0 0 0 0 0 0 0 0 0 0 0 0 0 0 0 0 0 0 0 0 0 0 0 0 0 0 0 0 
0 0 0 0 0 0 0 0 0 0 0 0 0 0 0 0 0 0 0 0 0 0 0 0 0 0 0 0 0 0 0 0 0 0 0 0 0 0 0 0 0 0 0 0 652950 0 0 0 0 0 648400 0 669300 624400 0 0 0 0 0 0 0 0 622300 0 0 0 0 0 0 0 0 0 0 0 0 0 0 0 0 0 0 0 0 0 0 0 0 0 0 0 0 0 0 0 0 0 0 0 0 0 
0 0 0 0 0 0 0 0 0 0 0 0 0 0 0 0 0 0 0 0 0 641200 0 0 0 0 0 0 0 0 0 0 0 0 0 0 0 0 0 0 0 0 0 0 626075 0 0 0 0 0 0 0 0 642225 650925 646425 0 0 0 0 0 0 0 0 0 0 0 0 0 0 0 0 0 0 0 0 0 0 0 0 0 0 0 0 0 0 0 0 0 0 0 0 0 0 0 0 0 0 0 0 
0 0 0 0 0 0 0 0 0 0 0 0 0 0 0 0 0 0 0 0 609775 0 0 0 0 0 0 0 0 0 0 0 0 0 0 0 0 0 0 0 0 0 0 0 646125 0 0 0 0 0 0 0 0 0 642900 0 0 0 0 0 0 0 0 0 0 0 0 0 0 0 0 0 0 0 651875 0 0 0 0 0 0 0 0 0 0 0 0 0 0 0 0 0 0 0 0 0 0 0 0 0 
0 0 0 0 0 0 0 0 0 0 0 0 0 0 0 0 0 0 0 0 0 0 0 0 0 0 0 0 0 0 0 637175 0 0 0 0 0 0 0 0 0 0 0 0 641125 0 0 0 0 0 0 0 0 0 0 641275 649300 0 0 0 0 0 0 0 0 0 0 0 0 0 0 0 0 0 0 0 0 0 0 0 0 0 0 0 0 0 0 0 0 0 0 0 0 0 0 0 0 0 0 0 
0 0 0 0 0 0 0 0 0 0 0 0 0 0 0 0 0 0 0 0 0 0 0 0 0 0 0 0 0 0 0 0 0 0 0 0 0 0 0 0 0 0 0 626025 635325 0 0 0 0 0 0 0 0 0 0 0 610300 0 0 0 0 0 0 0 0 0 0 0 0 0 0 0 0 0 0 0 0 0 0 0 0 0 0 0 0 0 645125 0 0 0 0 0 0 0 0 0 0 0 0 0 
0 0 0 0 0 0 0 0 0 0 0 0 0 0 0 0 0 0 0 0 0 0 0 0 0 0 0 0 0 0 0 0 0 0 0 0 0 0 0 0 0 0 0 0 663775 0 0 0 0 0 0 0 0 0 656850 632075 0 663000 0 0 0 0 0 0 0 0 0 603125 0 0 0 0 0 0 0 0 0 651250 0 0 0 0 0 0 0 0 0 627250 0 0 0 0 0 0 0 0 0 0 0 0 
0 0 0 0 0 0 0 0 0 0 0 0 0 0 0 0 0 0 662175 0 0 0 0 0 0 0 0 0 0 669400 0 0 0 0 0 0 0 0 668125 0 0 0 0 0 622425 0 0 0 645525 0 0 0 0 0 0 0 0 0 633150 0 0 0 0 0 0 0 0 0 643975 0 0 0 0 0 0 632950 0 0 0 0 0 0 0 0 0 0 0 0 0 0 0 0 0 0 0 0 0 0 0 0 
0 0 0 0 0 0 0 0 0 0 0 0 0 0 0 0 0 0 0 0 0 0 0 0 0 0 0 0 0 0 0 0 0 0 0 0 0 0 0 0 0 0 0 0 647925 0 0 0 0 0 0 0 0 0 0 0 0 641600 605800 606250 0 0 0 0 0 0 0 631275 0 0 0 0 0 0 0 0 0 0 0 0 0 0 0 0 0 0 0 0 630600 0 0 0 0 0 0 0 0 0 0 0 
0 0 0 0 0 0 0 0 0 0 0 0 0 0 0 0 0 0 0 0 0 0 0 0 0 0 0 0 0 0 0 0 0 0 0 0 0 0 0 0 0 0 0 0 637900 0 0 0 0 0 0 0 0 0 0 0 0 0 0 0 678550 0 0 0 0 0 666800 0 0 0 0 0 0 0 0 0 0 0 0 0 0 0 0 0 0 0 0 0 0 0 0 0 0 0 0 0 0 0 0 0 
0 0 0 0 0 0 0 0 0 0 0 0 0 0 0 0 0 0 0 0 0 0 0 0 0 0 0 0 0 0 0 0 0 0 0 0 0 0 0 0 0 0 0 0 610350 0 0 0 0 0 0 0 0 0 0 0 0 0 0 0 0 633325 0 0 629300 0 0 0 0 0 0 0 0 0 0 0 0 0 0 0 0 0 0 0 0 0 0 0 0 0 0 0 0 0 0 0 0 0 0 0 
0 0 0 0 0 0 0 0 0 0 0 0 0 0 0 0 0 0 0 0 0 0 0 0 0 0 0 0 0 0 0 0 0 0 0 0 0 0 0 0 0 0 0 0 638150 0 0 0 0 0 0 0 0 0 0 0 0 0 0 0 0 653925 617150 0 0 0 0 0 0 0 0 0 0 0 0 0 0 0 0 0 0 0 0 0 0 0 0 0 0 0 0 0 0 0 0 0 0 0 0 0 
0 0 0 0 0 0 0 0 0 0 0 0 0 0 0 0 0 0 0 0 0 0 0 0 0 0 0 0 0 0 0 0 0 0 0 0 0 0 0 0 0 0 0 0 660325 0 0 0 0 0 0 0 651700 0 0 0 0 0 0 0 0 0 0 634075 0 0 0 0 0 0 0 0 0 626450 0 0 0 0 0 0 0 0 0 666100 0 0 0 0 0 0 0 0 0 0 0 0 0 0 0 0 
0 0 0 624275 0 0 0 0 0 0 0 0 0 0 0 0 0 0 0 0 0 0 0 0 0 0 0 0 0 0 0 0 0 0 0 0 0 0 0 0 0 0 0 0 619100 0 631850 0 0 0 0 0 0 0 0 0 0 0 0 0 0 0 0 0 614375 0 0 0 0 0 0 0 0 0 0 0 0 0 0 0 0 0 0 0 0 0 0 0 0 0 0 0 0 0 0 0 0 0 0 0 
0 0 0 0 0 0 0 0 0 0 0 0 0 0 0 0 0 0 0 0 0 0 0 0 0 0 0 667825 0 0 0 0 0 0 0 0 0 639950 0 0 0 0 0 0 614500 0 0 0 0 0 0 0 0 0 0 0 0 0 0 0 617650 0 0 0 0 645650 0 0 0 0 0 0 0 0 0 0 0 0 0 0 0 0 0 0 0 0 0 0 0 0 0 0 0 0 0 0 0 0 0 0 
661100 0 0 0 0 0 0 0 0 0 0 0 0 0 0 0 0 0 0 0 0 0 0 0 0 0 0 0 0 0 0 0 0 0 0 0 0 0 649550 0 0 0 0 0 621625 0 0 0 0 0 0 0 0 0 0 0 0 0 0 0 0 0 0 0 0 0 645175 617525 0 0 0 657250 606825 0 0 0 0 0 0 0 0 0 0 0 0 0 0 0 0 0 0 0 0 0 0 0 0 0 0 0 
0 0 0 0 0 0 0 0 0 0 0 0 0 0 0 0 0 0 0 0 0 0 0 0 0 0 0 0 0 0 0 0 0 0 0 0 0 0 0 0 0 0 0 0 635750 0 0 0 0 0 0 0 0 0 0 0 0 0 0 0 0 0 0 0 0 0 0 626350 0 0 0 0 0 0 0 0 0 0 0 0 0 0 0 0 0 0 0 0 0 0 0 622550 0 0 0 0 0 637400 0 0 
0 0 0 0 0 0 0 0 0 0 0 0 0 0 0 0 0 0 0 0 0 0 0 0 0 0 0 0 0 0 0 0 0 0 0 0 0 0 0 0 0 0 0 0 617250 0 0 0 0 0 0 0 0 0 0 0 0 0 0 0 0 0 0 0 0 0 0 0 656100 638825 0 0 0 0 0 0 0 0 649975 636375 0 0 0 0 0 0 0 0 656450 0 0 0 0 688150 649825 0 0 0 0 0 
0 0 0 0 0 0 0 0 0 0 0 0 0 0 0 0 0 0 0 661025 0 0 0 0 0 0 0 0 0 630200 0 0 0 0 0 0 0 0 0 0 0 0 0 0 634025 0 0 0 0 0 0 0 0 0 0 0 0 0 0 0 0 0 0 0 0 0 0 0 649575 655975 0 0 0 0 0 0 0 0 630000 0 0 0 0 0 0 0 0 0 684175 0 0 0 0 0 0 0 0 0 0 0 
0 0 0 0 0 0 0 0 0 0 0 0 0 0 0 0 0 0 0 0 0 0 0 0 0 0 0 0 0 0 0 0 0 0 0 0 0 0 0 0 0 0 0 0 611550 0 0 0 0 0 0 0 0 0 0 0 0 0 0 0 0 0 0 0 0 0 0 651050 0 0 641425 0 0 0 0 0 0 592850 0 0 0 0 0 0 0 0 0 640525 0 0 0 0 0 0 0 0 0 0 0 0 
0 0 0 0 0 0 0 0 0 0 0 0 0 0 0 0 0 0 0 0 0 0 0 0 0 0 0 0 0 0 0 0 0 0 0 0 0 0 0 0 0 0 0 0 672500 0 0 0 0 0 0 0 0 0 0 0 0 0 0 0 0 0 0 0 0 0 0 0 0 0 0 633575 639950 0 0 0 632300 0 0 0 0 0 0 0 0 0 0 0 0 0 0 0 0 0 0 0 0 0 0 0 
0 0 0 0 0 0 0 0 0 0 0 0 0 0 0 0 0 0 0 0 0 0 0 0 0 0 0 0 0 0 0 0 0 0 0 0 0 0 0 0 0 0 0 0 625850 0 0 0 0 0 0 0 0 0 0 0 0 0 0 0 0 0 0 0 0 0 0 0 0 0 0 0 644475 615600 0 0 0 0 0 0 0 621650 0 0 0 0 0 0 0 0 0 0 0 0 0 0 0 0 0 0 
0 0 0 0 0 0 0 0 0 0 0 0 0 0 0 0 0 0 0 0 0 0 0 0 0 0 0 0 0 0 0 0 0 0 0 0 0 0 0 0 0 0 0 0 647925 0 0 0 0 0 0 0 0 0 0 0 0 0 0 0 0 0 0 628625 0 0 0 0 0 0 0 0 0 668275 0 645075 0 0 0 0 0 0 0 0 0 0 0 0 0 0 0 0 0 0 0 0 0 0 0 0 
0 0 0 0 0 0 0 0 0 0 0 0 0 0 651000 0 0 0 0 0 0 0 0 0 0 0 0 0 0 0 0 0 0 0 0 0 0 0 0 0 0 0 0 0 638325 0 0 0 0 0 0 0 0 0 0 0 0 0 0 0 0 0 0 0 0 0 0 0 0 0 0 0 0 0 662725 0 0 0 0 0 0 0 0 0 647900 0 0 0 0 0 0 0 0 0 0 0 0 0 0 0 
0 0 0 0 0 0 0 0 0 0 0 0 0 0 0 0 0 0 0 0 0 0 0 0 0 679625 0 0 0 0 0 0 0 0 0 0 0 0 0 0 0 0 0 0 628650 0 0 0 0 0 0 0 0 0 0 0 0 648275 0 0 0 0 0 0 0 0 0 631925 0 0 0 0 0 0 0 614400 0 0 0 0 0 0 0 0 0 0 0 0 0 0 0 0 0 0 0 0 0 0 0 0 
0 0 0 0 0 0 0 0 0 0 0 0 0 0 0 0 0 0 0 0 0 0 0 0 0 0 0 0 0 0 0 0 0 0 0 0 659675 0 646025 0 0 0 0 0 637400 0 0 0 626525 0 0 0 0 0 0 0 0 0 642775 0 0 0 0 0 0 0 0 0 657800 0 0 0 0 0 0 0 632375 0 0 0 0 0 0 0 0 0 0 661950 0 0 0 0 0 0 0 0 0 0 0 0 
0 0 0 0 0 0 0 0 0 633300 0 0 0 0 0 0 0 0 0 0 0 0 0 0 0 0 0 0 0 0 0 0 0 0 0 0 0 0 646425 0 0 0 0 0 651175 0 0 645800 0 0 0 0 0 0 0 0 0 623625 645275 0 0 0 0 0 0 0 0 0 0 0 0 0 0 0 0 0 0 629450 631750 0 0 0 0 0 0 0 0 0 617850 0 0 0 0 0 0 0 0 0 0 0 
0 0 0 0 0 0 0 0 0 0 0 0 0 0 0 0 0 0 0 0 0 0 0 0 0 0 0 0 0 622250 0 0 0 0 0 0 0 0 0 632625 0 0 0 0 648075 0 0 0 619925 651450 0 0 0 0 0 0 0 0 650575 0 0 0 0 0 0 0 0 0 615450 633425 0 0 0 0 0 0 0 0 657675 629875 0 0 0 0 0 0 0 0 0 0 0 0 0 0 0 0 0 0 0 0 
0 0 0 0 0 0 0 0 0 0 0 0 0 0 0 0 0 0 0 0 0 0 0 0 0 0 0 0 0 656875 0 0 0 0 0 0 0 0 0 626775 0 0 0 0 655750 0 0 0 0 678700 0 0 0 0 0 0 0 0 0 638200 0 0 0 0 0 0 0 0 0 619825 0 0 0 0 0 0 0 637550 654425 633300 0 0 0 0 0 0 0 0 639400 633000 0 0 0 0 0 0 0 0 0 610875 
0 0 0 0 0 0 0 0 0 0 0 0 0 0 0 0 0 0 0 0 0 0 0 0 0 0 0 0 0 0 0 0 0 0 0 0 0 0 0 0 0 0 0 0 642825 0 0 0 0 0 0 0 0 0 0 0 0 0 0 0 0 0 0 0 0 0 0 0 0 629425 0 632450 0 0 0 0 0 0 631225 590625 610875 0 0 0 0 0 0 0 663425 0 0 0 0 0 0 0 0 0 0 0 
0 0 0 0 0 0 0 0 0 0 0 0 0 0 0 0 0 0 0 0 0 0 0 0 0 0 0 0 0 0 0 0 0 0 0 0 0 0 0 0 0 0 0 0 624675 0 0 0 663450 0 0 0 0 0 0 0 0 0 652925 0 0 0 0 0 0 0 0 0 0 0 0 0 0 0 0 0 0 621525 0 0 0 662800 0 0 0 0 0 608100 0 0 0 0 0 0 0 0 0 0 0 0 
0 0 0 0 0 0 0 0 0 0 0 0 0 0 0 0 0 0 0 0 0 0 0 0 0 0 0 0 0 0 0 0 0 0 0 0 0 0 0 0 0 0 0 0 648425 0 0 0 0 0 0 0 0 0 0 0 0 0 0 0 0 0 0 0 0 0 0 0 0 0 0 0 0 0 0 0 0 0 0 0 0 0 625475 0 0 0 0 0 0 0 0 0 667275 0 0 0 0 0 0 0 
0 0 0 0 0 0 0 0 0 0 0 0 0 0 0 0 0 0 0 0 0 0 0 0 0 0 0 0 0 0 0 0 0 0 0 0 0 0 0 0 0 0 0 0 629025 0 0 0 0 0 0 0 0 0 0 0 0 0 0 0 0 0 0 0 0 0 0 0 0 0 0 0 0 640400 0 0 0 0 0 0 0 0 0 644375 0 0 0 0 0 0 0 0 0 634750 0 0 0 0 0 0 
0 0 0 0 0 0 0 0 0 0 0 0 0 0 0 0 0 0 0 0 0 0 0 0 638150 0 0 0 0 0 0 0 0 0 639125 0 0 0 0 0 0 0 0 0 600725 0 0 0 0 0 0 0 0 0 0 0 0 0 0 0 0 0 0 0 0 0 0 0 0 0 0 0 0 0 0 0 0 0 0 0 0 0 0 0 664275 622600 0 0 0 0 0 0 0 0 0 0 0 0 0 0 
0 0 0 0 0 0 0 0 0 0 0 0 0 0 0 0 0 0 0 0 0 0 0 0 0 0 0 0 0 0 0 0 0 0 0 0 0 0 0 0 0 0 0 0 643200 0 0 0 0 0 0 0 0 0 0 0 0 0 0 0 0 0 0 0 0 637975 0 0 0 0 0 0 0 0 0 0 0 0 0 0 0 0 0 0 0 611675 0 0 0 0 0 0 0 0 0 618175 638500 0 0 0 
0 0 0 0 0 0 0 0 0 0 0 0 0 0 0 0 0 0 0 0 0 0 0 0 0 0 0 0 0 0 0 0 0 0 0 0 0 0 0 0 0 0 0 0 656525 0 0 0 0 0 0 0 0 0 0 0 0 0 0 0 0 0 0 0 0 0 0 0 654850 638300 0 0 0 0 0 0 0 0 631650 0 0 0 0 0 0 0 633075 0 616400 0 0 0 0 0 0 0 0 0 0 0 
0 0 0 0 0 0 0 639925 0 664350 0 0 0 0 0 0 0 0 0 617050 0 0 0 0 0 0 0 0 0 619300 0 0 0 0 0 0 0 0 0 0 0 0 0 0 645100 0 0 0 0 0 0 0 0 0 0 0 0 0 0 0 0 0 0 0 0 0 0 0 0 0 0 0 0 0 0 0 0 0 0 0 0 0 0 0 0 0 0 641150 0 0 0 0 0 0 0 0 0 652375 0 0 
0 0 0 0 0 0 0 0 0 0 0 0 0 0 0 0 0 0 0 0 0 0 0 0 0 0 0 0 0 622575 0 0 0 0 0 0 0 0 0 625800 0 0 0 0 620900 0 0 0 0 651275 0 0 0 0 0 0 0 0 0 0 0 0 0 0 0 0 0 0 0 623150 0 0 0 0 0 0 0 0 637075 672575 641200 0 0 0 0 0 0 0 645475 0 661100 0 0 0 0 0 0 0 0 0 
0 0 0 0 0 0 0 0 0 617700 0 0 0 0 0 0 0 0 0 0 0 0 0 0 0 0 0 0 0 0 0 0 0 0 0 0 0 0 0 621650 0 0 0 0 632600 0 0 0 0 651950 0 0 0 0 0 0 0 0 0 659900 0 0 0 0 0 0 0 0 0 662425 0 0 0 0 0 0 0 0 0 0 0 0 0 0 0 0 0 0 0 649225 0 0 0 0 0 0 0 0 0 0 
0 0 0 0 0 0 0 0 0 0 626475 0 0 0 0 0 0 0 0 0 0 0 0 0 0 0 0 0 0 625850 0 0 0 0 0 0 0 0 0 646950 0 0 0 0 623000 0 0 0 0 630700 0 0 0 0 0 0 0 0 0 0 0 0 0 0 0 0 0 0 0 645950 0 0 0 0 0 0 0 0 0 0 646025 0 0 0 0 0 0 0 0 0 641775 0 0 0 0 0 0 0 0 0 
0 0 0 0 0 0 0 0 0 0 0 0 0 0 0 0 0 0 0 0 0 0 0 0 0 0 0 0 0 0 0 0 0 0 0 0 0 0 0 0 0 0 0 0 637125 0 0 0 0 0 0 0 0 0 0 0 0 0 654275 641550 0 0 0 0 0 0 0 0 0 0 0 0 0 0 0 0 0 0 0 0 0 0 0 0 0 0 0 0 645850 0 0 621875 0 0 0 0 0 0 0 0 
0 0 0 0 0 0 0 0 0 0 0 0 0 0 0 0 0 0 0 0 0 0 0 0 0 0 0 0 0 0 0 0 0 0 0 0 0 0 0 0 0 0 0 0 627200 0 0 0 0 0 0 0 0 0 0 0 0 0 0 0 0 0 0 0 0 0 0 0 0 0 0 0 0 0 0 0 0 0 0 0 0 0 0 0 0 0 0 0 0 0 0 0 618675 0 658025 658825 0 0 0 0 
0 0 0 0 0 0 0 0 0 0 0 0 0 0 0 0 0 0 0 0 0 0 0 0 0 0 0 0 0 0 0 0 0 0 0 0 0 0 0 0 0 0 0 0 648350 0 0 0 0 0 0 0 0 0 0 0 0 0 0 0 0 0 0 0 0 0 0 0 0 0 0 0 0 0 0 0 0 0 0 0 0 0 0 647300 0 0 0 0 0 0 0 0 0 643200 622525 0 0 0 0 0 
0 0 0 0 0 0 0 0 0 0 0 0 0 0 0 0 0 0 0 0 0 0 0 0 0 0 0 0 0 0 0 0 0 0 0 0 0 0 0 0 0 0 0 0 607675 0 0 0 0 0 0 0 0 0 0 0 0 0 0 0 0 0 0 0 0 0 0 0 0 0 0 0 0 0 650400 0 0 0 0 0 0 0 0 0 0 0 0 0 0 0 0 0 0 0 637025 638250 0 0 0 0 
0 0 0 0 0 0 0 0 0 0 0 0 0 0 0 0 0 0 0 0 0 0 0 0 0 0 0 0 0 619775 0 0 0 0 0 0 0 0 0 638425 0 0 0 0 688375 0 0 0 0 0 0 0 0 0 0 0 0 0 0 0 0 0 0 0 0 0 0 0 0 0 0 0 0 0 0 0 0 0 0 0 0 0 0 0 612400 0 0 0 650150 0 0 0 0 0 0 652725 670725 0 0 0 
0 0 0 0 0 0 0 0 0 0 0 0 0 0 0 0 0 0 0 0 0 0 0 0 0 0 0 0 0 0 0 0 0 0 0 0 0 0 0 655450 0 0 0 0 633025 0 0 0 0 625100 0 0 0 0 0 0 0 0 0 0 0 0 0 0 0 0 0 0 0 0 0 0 0 0 0 0 0 0 0 577825 0 0 0 0 0 0 0 0 615375 641200 0 0 0 0 0 628175 649725 0 0 647050 
0 0 0 0 0 0 0 0 0 0 0 0 0 0 0 0 0 0 0 0 0 0 0 0 0 0 0 0 0 0 0 0 0 0 0 0 0 0 0 634675 0 0 0 0 672325 0 0 0 0 617700 0 0 0 0 0 0 0 0 0 0 0 0 0 0 0 0 0 0 0 600900 0 0 0 0 0 0 0 622925 0 654550 0 0 0 0 0 0 0 0 621325 623500 0 0 0 0 0 0 670625 673100 0 640375 
0 0 0 0 0 0 0 0 634875 0 0 0 0 0 0 0 0 0 0 0 0 0 0 0 0 0 0 0 0 649775 0 0 0 0 0 0 0 0 0 624000 0 0 0 0 656725 0 0 0 0 644225 0 0 0 0 0 0 0 0 0 642850 0 0 0 0 0 0 0 0 0 636875 0 0 0 0 0 0 0 0 664825 0 0 0 0 0 0 0 0 0 646200 0 0 0 0 0 0 0 0 0 618500 644475 
0 0 0 0 0 0 0 0 0 0 0 0 0 0 0 0 0 0 0 0 0 0 0 0 0 0 0 0 0 0 0 0 0 0 0 0 0 0 0 627725 0 0 0 0 655600 0 0 0 0 622225 0 0 0 0 622125 0 0 0 0 619725 0 0 0 0 0 0 0 0 0 0 0 0 0 0 0 0 0 0 0 0 0 0 0 0 0 0 0 0 0 0 0 0 0 0 0 0 0 0 0 622700 
