6625 6600 6575 6775 6375 6525 6750 6575 6600 6600 6825 6625 6575 6400 6600 6925 6450 0 6650 0 0 6675 6575 0 6650 6300 0 6250 6650 0 6650 0 6375 0 0 6550 0 0 6450 6550 6675 0 0 0 0 6475 0 0 6100 0 0 6625 0 0 0 6775 6425 0 6525 0 0 0 0 0 
6900 6400 6725 6550 6775 6800 6950 6575 6750 6500 6500 6700 6775 0 6850 0 6650 6750 6700 6625 6325 6475 6500 6475 6250 6600 6800 0 0 6525 6600 6525 6650 6650 6425 6475 6450 0 0 0 6950 6575 6500 0 0 0 0 0 0 6700 0 0 0 6525 0 0 6450 6600 0 0 0 0 0 0 
6575 6950 6800 6450 6475 7000 6550 6575 6475 6700 6175 6725 6650 6475 6625 6775 6575 6700 6450 0 6625 0 6650 0 6625 6450 6725 6525 6375 6750 0 0 6625 6750 6600 0 0 0 0 6525 6750 6450 6500 6725 0 0 0 0 6400 0 0 0 0 0 0 0 6375 6550 0 6800 0 0 0 0 
6500 6325 6750 6700 6600 6525 7100 6425 6625 6850 6500 6750 6850 7050 0 6675 0 6575 6825 6700 6350 0 7100 0 0 0 6950 6525 0 0 0 6800 0 0 6550 6650 6800 0 6700 6525 0 0 0 6550 0 6750 0 6725 0 0 6525 0 0 0 6450 0 0 6525 6600 0 0 0 6700 0 
6400 6250 6625 6725 6800 6900 6550 6925 0 0 6900 6550 6600 6650 6325 6900 6725 0 6400 0 6650 6175 6450 6875 0 0 0 6500 6475 0 0 6525 6625 6450 0 6425 6650 0 0 0 0 0 0 6725 6700 0 0 0 0 0 0 6575 6600 0 0 0 0 6400 0 6650 6525 6800 0 0 
6575 6450 6325 6550 6675 6675 6550 6525 6475 0 6550 6500 6725 6725 6650 6500 6825 0 0 0 0 6600 0 0 0 0 0 0 0 6875 6875 0 0 0 0 0 0 6400 0 0 0 0 6525 0 6575 6725 0 0 0 6475 0 6475 0 6225 0 0 6400 6275 0 0 0 0 0 0 
6825 6500 6375 6700 6625 6125 6675 6675 6175 0 6500 6600 6300 0 6625 6575 0 6775 0 0 0 6750 6725 6350 0 0 0 0 0 0 6675 6950 0 0 0 0 0 0 6525 0 0 0 0 0 0 0 6525 0 6300 0 0 0 0 6875 0 0 0 0 0 6750 6775 6600 6875 6700 
6725 6600 6475 6775 6575 6750 6875 6575 0 6625 0 6550 6450 6925 0 7025 0 0 0 0 6400 0 6725 6775 0 0 0 0 0 0 6825 6700 0 0 0 0 0 5975 0 6350 6700 0 0 0 0 6900 6525 6575 0 0 6725 0 0 0 6850 0 0 6400 0 0 0 0 0 6650 
6675 6600 6675 6675 6775 6650 6750 0 6650 6475 6750 6425 6575 6650 6725 6475 6700 6500 6850 6625 0 6650 6325 6550 6775 6525 0 6275 0 0 6925 0 6650 6925 0 6625 6775 0 0 6975 6800 6650 6725 6725 0 0 0 0 6475 6650 0 0 0 0 6825 6400 6450 6750 0 0 0 0 0 0 
0 6500 6550 6650 6625 6750 0 0 6525 6600 6575 6600 6750 6675 6550 6600 6250 6300 6825 6450 6675 6575 6750 6350 6500 6550 6575 6350 6500 0 6650 6400 6575 6925 6450 6525 6550 0 0 0 0 6525 6750 6350 6700 0 6800 0 0 6700 6325 0 0 0 6650 0 6425 6725 6650 6625 0 6400 0 6650 
0 6625 6450 6775 6550 0 6500 0 6575 6550 6625 6525 6600 6600 6650 6700 6200 6325 6675 6400 6475 6850 6675 6650 6725 6525 6400 6650 6725 0 0 0 6675 0 6900 6875 6800 0 6475 0 0 6775 6725 0 0 6700 0 0 0 0 6725 6525 0 0 0 0 0 0 6575 0 6675 0 0 6750 
6775 6550 6450 6625 0 6400 6450 6425 6375 6575 6750 6675 6625 6525 0 6675 6575 6600 6425 6325 6450 0 6475 6725 0 6400 6525 6425 6525 0 0 6725 6550 0 6700 6650 6525 6775 0 6900 0 0 0 6825 0 0 0 0 0 0 0 6725 0 0 0 0 0 0 0 6625 6725 0 0 6750 
6575 6575 0 6250 6400 0 6500 6525 6925 6425 6675 6700 6400 6675 6325 6825 6875 6900 0 6525 6725 6625 6625 6575 0 0 6550 6475 6525 6800 6325 6775 6550 6375 6725 6450 6550 6750 0 0 0 0 0 6900 6600 6350 0 6575 6375 0 0 6700 6650 6800 0 6750 6400 0 0 0 6925 0 0 0 
0 6600 6650 6500 0 6250 0 0 6700 6350 6350 6500 6450 6675 6450 0 6750 0 6225 6775 6375 6250 6925 6950 0 0 0 6300 0 6625 6300 0 0 0 0 0 0 6575 6625 6925 0 0 0 0 0 6650 0 6425 0 0 0 0 0 6275 0 0 0 0 0 0 6150 6450 6750 0 
6825 0 0 0 6875 6600 6700 0 6375 6300 6600 6825 6550 6650 6725 6800 6625 6675 6600 6975 6750 6600 6725 6800 6625 6625 6525 0 6900 6525 6775 6800 0 0 0 0 6550 0 6500 6875 0 6425 0 0 0 6800 6725 6475 0 0 0 0 0 0 6675 0 0 0 0 0 6725 0 6575 0 
0 6500 6575 0 6625 6650 6800 6425 6550 6600 6725 6725 6850 6725 6675 6600 6650 6550 6725 0 6775 6600 6775 6750 0 0 6725 6700 0 6850 6650 6225 0 0 0 0 0 6775 0 6550 0 0 0 0 0 0 0 6925 0 0 0 0 0 0 6475 6900 0 0 0 0 0 0 6725 7000 
6575 6275 0 6725 0 0 0 0 6525 6375 6625 6675 6525 6575 0 0 6500 6300 6550 6650 6475 6250 6825 6625 6650 6975 6600 6875 6575 6600 0 6775 6650 6850 6325 6450 0 6650 6425 0 6500 6200 0 6475 0 0 0 6550 6750 6575 6900 0 0 0 6975 0 6575 0 0 0 0 0 0 0 
6450 6475 6600 0 0 6300 0 0 6625 6425 0 6675 6625 6550 0 6375 6500 6975 6650 6450 7050 6550 6650 6775 6525 6625 6350 6600 6850 6400 6550 0 6775 6675 6650 6375 0 0 0 0 6750 6950 6750 0 0 0 6775 6700 0 6525 0 0 6550 0 0 0 0 6575 0 0 0 6650 0 0 
0 6800 6750 6700 6600 0 0 6650 6575 6625 6650 6275 0 0 6700 6600 6725 6750 6675 6375 6675 6525 6700 7050 6625 6600 6350 6925 6225 0 6550 6700 0 6525 6500 6475 6725 0 0 6675 6600 6600 6875 0 0 0 0 0 0 6525 6600 7000 0 0 0 0 6825 0 6425 6825 6250 0 0 0 
0 0 0 6325 6650 0 6850 0 6550 6475 6675 6525 0 6725 6450 0 6725 6100 6950 6500 6500 6450 6525 6400 6550 6450 6475 6825 6500 6750 0 0 6525 6675 6700 6550 7075 6450 0 6600 6600 6450 0 6450 0 6775 6350 0 0 0 0 6475 6700 0 0 0 0 6725 6800 6500 6575 0 0 0 
0 6650 6650 0 6725 6825 0 0 6825 6625 6625 6800 6575 6950 6400 6875 6725 6225 6800 6425 6725 6775 6575 6850 6750 0 6725 6325 6800 6650 6500 6475 6575 6675 6350 6775 6325 6575 6800 6825 0 0 0 6675 6850 0 6225 0 6525 0 6575 6575 6775 6850 0 0 0 0 0 0 6600 0 0 0 
6350 6325 0 6750 6750 6400 6325 0 6550 0 6450 6550 6550 6825 0 6700 6475 6725 6675 6275 6775 6900 6600 6500 0 6525 6475 6775 0 6375 6500 0 0 0 0 6375 6500 6575 6775 0 0 0 6700 6675 6475 6550 6375 0 6725 0 0 6675 6875 6750 0 0 6700 0 0 6800 6400 6700 0 0 
0 0 0 0 0 6450 6325 6475 0 0 6750 0 6600 6600 6800 0 0 6700 6300 6625 6475 6500 6800 6575 6300 6650 0 6800 6425 6650 6325 6975 0 0 0 0 0 6650 6875 6675 6325 0 0 6100 6275 6750 6375 6725 0 0 0 0 0 0 6550 6625 0 0 0 0 0 6500 6800 0 
6725 0 0 0 0 6450 6850 6750 0 6600 6675 6500 6500 6425 6800 6725 6575 6400 6825 6075 7025 7000 6300 6325 0 6550 6475 0 6625 6350 6875 6750 7025 0 0 0 6750 6775 6875 6575 0 0 6200 0 0 6375 6700 6450 0 6500 0 0 0 6450 6525 6300 0 0 0 0 0 0 6625 6900 
6500 6325 6625 0 6500 0 0 7050 6400 6650 6700 6725 6700 6875 6625 6725 6525 6350 6700 6750 0 0 0 6575 6850 6675 6725 6875 6650 6725 6775 6200 6925 6275 6475 6525 0 6600 6875 6250 6525 6575 6350 0 6650 0 6775 6800 6725 6650 6500 0 0 6775 0 6450 6900 0 6900 0 0 0 6825 0 
0 6550 6800 0 0 0 0 0 0 6375 0 6900 6550 6625 6950 0 6500 6675 6725 0 6625 0 6500 6600 6625 6575 6475 6525 6700 6725 6350 6625 6650 6875 6725 6550 7000 6475 6200 6500 6975 6775 6625 6750 6675 6700 0 6550 6775 6750 0 0 6475 0 0 0 6450 7025 6725 0 0 0 0 0 
6825 0 6775 0 0 6625 0 0 0 6800 6825 0 6475 6850 6525 6825 0 6475 6550 6750 6325 6650 0 6700 6525 6425 6650 6675 6500 6600 6675 6300 6675 6400 6650 6675 6625 6625 6500 6700 6550 6875 6625 6850 6750 0 6500 0 6650 6725 6525 0 0 0 0 0 0 6425 6625 6425 0 6800 0 0 
0 6700 6675 6575 0 6350 0 0 0 6475 6700 6450 6675 0 6750 6275 6725 6500 6775 6475 6975 0 0 0 6800 6575 6475 6725 6350 6600 6750 6925 6400 6700 6725 6675 6725 6550 6625 6525 0 6600 6425 6525 6500 0 6900 6425 0 0 6525 6575 7000 6575 0 6825 0 0 0 6500 6375 0 0 0 
0 6625 0 6450 6375 6825 6750 0 6550 6275 0 6600 6525 6800 6425 0 0 6675 0 6625 6425 6825 6425 6600 6525 6575 6450 6500 6600 6825 6625 6325 6450 6450 6675 6725 6450 6900 6600 6800 6900 6800 0 0 6550 6150 6575 6675 6700 6400 0 0 6725 6325 0 0 6200 6800 0 6500 6475 6450 6775 0 
0 0 0 0 6175 6475 0 0 6725 6725 0 0 6800 6650 0 0 6525 0 0 6600 6650 6675 6675 0 6250 6700 6425 6625 6275 6800 6850 6350 0 6600 0 6575 6425 6625 6525 6400 6525 6675 0 6700 0 6650 6425 6600 6925 0 6600 6525 0 6700 6250 0 6650 6375 0 0 0 6650 0 0 
0 0 7000 0 0 6600 6425 6525 0 0 0 0 6750 6350 6675 0 6725 0 0 6175 6850 6625 6475 0 6625 6450 6750 6850 6325 6550 6725 6400 0 0 0 6650 6675 6625 6625 6300 0 0 0 6875 6475 6250 6775 6675 0 0 0 0 0 6825 6575 0 0 0 0 0 6625 6675 6650 0 
6425 6675 0 0 6300 0 0 6550 6750 0 0 0 6850 0 6575 6775 6450 6825 6675 0 6850 0 6625 6775 6350 6575 6575 6375 6675 6425 6225 6575 0 6700 0 6925 6825 6425 6325 6750 0 6800 0 6850 0 6500 6625 6475 0 0 6675 6650 0 6375 6900 6425 0 0 0 0 0 6950 6700 6375 
6450 0 0 6950 6850 6175 0 0 6925 0 0 6625 6600 6800 0 0 6875 6475 0 6175 0 0 6450 0 6550 6625 6375 6600 6750 6725 0 6675 6625 6800 6175 6400 6725 6600 6850 6500 6475 6800 6775 6650 0 6575 6650 0 6700 6625 6350 0 6875 6600 0 6550 6300 6700 6550 0 6775 0 0 0 
6400 6525 6775 0 0 0 0 0 0 6300 6725 0 0 0 0 0 6625 6650 7025 0 0 6625 6475 0 6675 6475 6800 0 0 6625 0 0 6100 6300 6525 6825 6600 6850 6825 6650 6500 6750 6500 6600 6300 6775 6675 6575 6800 6675 6550 6750 0 0 0 0 6550 6675 6725 6675 0 0 6675 0 
0 6925 6700 6700 0 0 0 0 0 0 6500 0 0 0 6450 0 6800 6750 6700 6600 6800 6700 0 0 6425 6525 6650 0 6575 0 0 6625 6725 6550 6400 6625 7125 6525 6525 6750 6700 6525 6350 6850 6625 6925 6475 6650 6550 6600 6375 6500 6550 6200 0 6825 6975 6650 6550 6450 0 6425 0 6225 
6750 6600 6550 6575 0 6300 0 0 0 6650 0 6400 6600 0 0 0 0 0 6625 6850 6450 6600 0 0 6625 6700 6675 6675 6550 6500 0 0 6675 6725 6650 6475 6550 6475 6925 6500 6950 6575 6550 6475 0 0 0 0 6750 0 6375 6800 6675 0 0 6650 0 0 6775 6550 0 0 0 0 
0 0 0 0 6500 6700 0 6775 0 6725 6725 0 6350 0 6300 6400 0 0 6700 6275 6750 0 0 0 0 6675 0 6800 6350 6175 6575 0 6850 6975 6300 6575 6625 6175 6575 6525 6675 6700 6525 6575 6750 6475 6725 6675 6800 6675 7025 6875 6675 6850 6575 0 6675 6775 6625 6825 6275 6175 0 0 
0 6875 6625 6550 0 6600 0 0 0 6850 6925 6625 0 6750 6850 0 6700 6400 6775 6675 0 6525 6575 6850 0 0 6525 0 6600 6725 6625 6600 6625 6750 6425 6925 6650 6825 6575 6575 6400 0 0 6650 6850 6700 6350 6475 6625 6500 6775 6575 6850 6750 6675 0 0 6525 0 0 6875 6825 0 0 
0 6525 0 0 6375 0 6725 6250 0 0 6225 7025 6875 6650 6650 0 0 0 0 0 0 0 6425 6575 6675 6550 6575 6650 0 6775 6950 6750 6625 7100 6350 6550 6475 6725 6650 6425 6600 0 6525 0 6825 6575 6525 6375 0 6475 0 0 0 6500 6300 6675 6750 0 6625 0 6725 6500 6725 6500 
0 0 6675 0 0 0 0 6700 0 0 0 0 0 0 6775 6475 0 0 0 0 0 0 6675 6450 0 6550 6725 0 0 6825 6800 6625 6550 6350 6800 6825 6675 6450 6625 6825 0 0 0 6775 6250 6575 6500 6525 0 6325 0 0 0 0 6950 6425 0 0 6525 6650 0 0 6925 6450 
6775 0 0 0 6775 0 0 6475 6275 0 0 6275 0 0 0 6500 6575 6450 6750 6450 6350 0 0 6775 6500 6450 0 0 6725 0 6475 6575 6750 6850 6475 6425 6625 6825 0 6500 6700 6775 6475 6350 6550 6575 6850 6575 6675 6750 6675 6475 6750 6650 0 6500 6500 6700 6575 6750 6575 6475 0 6675 
6750 6850 0 0 0 0 6725 0 6700 6525 6875 0 6950 0 6575 0 6600 6525 6675 6950 0 6550 0 0 6575 6575 6425 6475 0 6800 6750 0 6525 6600 6650 0 0 6625 6425 0 6475 6500 6650 6375 6725 6650 6700 6725 6425 6450 6750 6725 6550 0 0 0 6575 6800 6650 0 6700 6625 6475 6700 
0 0 6275 6950 0 0 6775 6450 0 0 6625 6900 0 0 0 0 0 6750 6550 0 6400 0 6700 0 0 6525 6500 0 0 6775 0 0 6525 6850 6800 6375 6875 0 6800 6750 6650 6525 6600 6625 6525 6600 6375 6475 6700 6750 6750 6250 0 0 6600 0 0 0 6650 6475 6475 6175 0 0 
6700 0 0 6725 0 6500 6650 6950 0 0 6675 6600 6725 0 0 0 6800 0 0 6375 0 6725 0 0 0 6600 6750 6500 6100 0 0 0 6450 6700 0 6625 6725 6450 6700 0 6700 6825 6525 6675 6775 6575 7050 6625 6550 6525 6875 6675 6475 6650 6500 6575 6600 6775 6575 6575 6675 6350 6575 0 
0 6900 6150 0 6450 0 0 0 0 0 0 6425 6575 0 0 6725 0 0 6550 6450 6525 0 0 0 6575 0 0 6475 6575 6225 0 6625 6600 6325 0 6575 6625 6600 6500 6700 6900 6350 6600 6525 6400 6675 6925 6725 0 6575 6550 6525 6600 6675 6825 6325 6775 6800 6850 0 6575 6600 6400 6800 
0 0 0 0 6725 6450 6575 0 0 0 6525 6625 6800 6425 0 0 6700 6475 0 6450 6375 6650 0 0 6675 6025 6675 0 6775 6475 0 0 6650 6500 6425 6700 6775 6350 6925 6475 6725 6575 6375 6700 6775 6350 6775 6500 0 6600 6350 6400 6675 6375 6550 6675 0 0 6775 0 6825 6675 6475 6600 
6600 6875 0 6525 0 0 0 0 0 6450 6650 0 0 0 6425 0 0 6600 0 0 0 6725 6625 0 0 0 6225 0 6950 0 6675 6650 6475 0 6425 6600 6300 6275 6650 6575 6525 7000 6650 6500 6375 6875 6375 6650 6675 0 6475 6400 6375 6300 6550 6525 0 0 0 0 6850 6325 6475 0 
0 6375 0 6575 6425 0 6400 6600 0 0 0 0 0 0 0 6700 0 0 0 0 6500 0 6525 6600 0 0 0 6575 6275 6650 6750 6675 6675 0 0 6650 6600 6600 6700 6625 0 0 6775 6475 6450 6650 6800 6300 0 6625 0 6475 6750 6750 6600 6600 0 0 0 6575 0 6575 6700 6675 
6500 6400 6625 0 0 6425 0 0 6650 6500 0 0 6725 0 0 0 6400 0 0 0 0 6400 0 6500 6775 0 0 6600 6650 0 6475 6575 6575 6550 6575 0 0 6625 6575 6300 6575 6725 6525 6475 0 0 6850 0 6575 6750 6550 6650 6800 6275 6675 6575 6625 6275 6775 0 0 6650 0 0 
6525 6500 6550 6825 0 0 6525 0 6925 6575 0 0 0 0 0 0 6525 6150 6750 0 0 6925 0 0 6400 6550 6625 0 6425 6425 6775 0 6425 6650 0 0 6625 0 0 0 6550 6675 6775 6625 6500 6525 6875 6475 6550 6550 6625 6675 6525 6825 6550 6650 6350 6850 6675 6825 0 6625 6925 0 
0 6725 6250 6400 6775 6825 6800 6900 0 6825 6650 6800 0 0 0 0 6850 6300 6675 6600 0 0 6375 0 6575 6975 6600 6625 6750 0 6675 0 6400 6475 6500 6350 6450 6425 0 0 6650 6575 6700 6750 6400 0 6525 6875 6525 6550 6475 6875 6550 6650 6600 6475 6525 6450 6700 6475 6450 0 0 6650 
0 6575 6525 6825 6650 0 0 6550 0 0 6775 6875 6675 6625 0 6725 6475 6575 6700 6750 6400 0 6575 0 6600 6875 6275 6675 6575 0 0 6675 6850 0 6800 6600 7025 6475 0 0 6300 6475 6800 6575 6700 6725 6425 0 6675 6675 6225 6400 6525 6575 6675 6375 0 6325 0 6450 6975 6575 6700 0 
0 0 0 0 6675 0 0 6500 0 6500 6750 6450 6525 0 0 0 6350 0 0 6575 6650 6475 0 6500 0 0 0 6675 6600 0 6350 6700 0 6525 0 6750 6925 6500 0 6475 6900 6375 6825 6650 6800 6275 6950 6475 6750 6650 6575 6625 6675 6800 6900 6400 6550 6525 6575 6525 6575 7025 6400 6875 
6600 6475 0 6525 0 0 6375 6500 6325 6425 0 6675 6625 6775 6375 6500 6850 0 0 6625 0 6575 0 0 6900 6750 6550 6550 6825 6825 6450 0 0 0 6900 6750 6725 6500 6725 7000 0 6475 6575 6725 6475 6625 0 0 6400 6625 6425 6800 6600 6800 6300 6650 6300 6500 0 6475 6650 6650 6675 6750 
0 0 6800 0 0 0 6725 0 6325 0 0 6625 0 6425 6625 0 0 0 0 6575 0 6700 6625 0 6500 6500 6700 0 6525 6400 6525 6275 6800 0 6550 0 0 6800 6500 0 6400 6450 0 6725 6500 6300 6575 0 6725 6700 6625 6500 6350 6775 6975 6625 0 0 0 6800 0 6800 6825 6525 
6600 0 6525 0 6500 6575 6550 6600 6200 6600 6550 6650 0 6725 0 6550 0 0 6025 6600 0 6400 6750 6600 0 6425 6600 6650 6525 6675 0 6600 0 0 0 6300 6500 0 6325 6450 0 0 0 6725 0 6325 6525 7075 6525 6600 6675 6675 6700 6725 7000 6850 0 0 0 6300 6850 0 0 6625 
6500 6650 0 0 0 6775 0 0 6675 0 6850 6425 0 0 0 6525 6300 6600 6300 6525 0 6650 6525 6375 6625 6425 0 6850 0 0 6950 0 6750 6725 0 0 6550 0 0 0 6525 6700 0 0 6600 0 0 6500 6700 6550 0 0 6650 6525 6750 6400 6600 6725 6900 6825 6575 6800 6500 6725 
6525 0 0 0 0 6375 0 0 6625 6600 6625 0 6800 0 0 6775 6200 6700 6750 6725 6950 0 0 0 6650 6450 6900 0 6525 0 0 0 6550 6475 6450 0 0 0 0 6675 6600 6925 6750 6850 0 6700 0 6425 6575 6500 6875 6500 6250 6800 6525 6550 6425 6400 6525 6375 6550 6800 6525 6675 
6875 6575 6675 0 6450 0 0 0 6700 6450 6675 6425 6775 0 6850 0 0 6725 6575 0 0 0 6350 6800 6925 6375 6575 6600 0 0 6400 0 0 6425 6350 6900 6425 0 6650 0 6425 6800 6850 0 0 6600 0 6575 6625 6400 6600 6600 0 6625 6400 0 6750 6675 6800 7025 6425 6250 6800 6725 
0 0 6450 6850 0 6600 6850 6350 0 0 0 6525 6500 6425 0 6875 0 0 0 6350 6625 6675 0 6550 6650 6725 6400 6600 0 0 0 0 0 6850 0 6200 0 0 0 0 6275 0 6525 6625 6400 6400 0 0 6850 6800 6750 6550 6500 6450 6750 6700 6625 6650 6575 6625 6550 6400 6725 6750 
6725 6800 0 0 6925 0 0 0 6350 6800 0 0 0 0 6950 6875 0 6725 6575 6450 6400 0 0 6700 0 0 0 0 6650 0 6625 7000 6450 0 6375 6600 6375 6900 6575 0 6250 0 6625 0 6225 6675 0 6800 0 0 6475 6625 6725 0 6675 6750 6700 6400 7075 6575 6775 6550 6675 6575 
0 0 0 0 0 6625 0 0 0 0 6675 0 0 6650 0 0 0 0 0 6600 6500 6850 0 0 0 0 6400 6375 6600 6975 7000 6675 0 6500 6575 0 6600 6550 0 0 6775 6550 6325 6500 6525 6425 6350 0 6550 6925 0 6800 0 6225 0 6600 6600 6575 6875 6525 6550 6475 6700 6675 
0 0 0 0 0 6650 6750 0 0 0 0 6525 6750 6625 6450 0 0 0 0 6400 6750 6675 6700 6625 0 0 0 0 0 6550 6525 6500 0 0 0 0 6450 0 6525 0 6400 6700 0 0 0 6750 6800 0 0 0 6875 0 6275 6650 6550 6450 6475 6600 6725 6725 6600 6550 6750 6575 
0 0 6600 0 0 0 0 6650 6675 6575 0 0 0 6425 6750 6325 6625 0 0 0 6400 6825 6450 6900 6575 0 0 0 0 6375 0 6450 0 0 0 6600 0 0 7025 6600 0 0 6450 6875 6625 6375 6850 6700 0 0 0 0 0 6500 6575 6625 7000 6700 6450 6500 6425 6525 6400 6675 
