103800 102975 102775 0 0 0 0 0 106425 104375 96375 0 0 0 0 0 99075 99225 106050 0 0 0 0 0 0 0 0 0 0 0 0 0 0 0 0 102175 0 0 0 0 0 0 0 0 0 0 0 0 0 0 0 0 0 0 0 0 0 0 0 0 0 0 0 0 
98150 100925 0 0 0 0 0 0 94775 101975 0 0 102325 0 0 0 104175 97125 104550 0 0 0 0 0 100250 97925 101875 0 0 0 0 0 98850 103550 0 97650 106050 0 0 0 99250 100650 0 0 0 0 0 0 0 101275 0 0 0 98225 0 0 105000 104850 101925 0 0 0 0 0 
0 103225 104525 103575 99300 0 0 0 106200 100675 102600 93675 104500 0 0 0 106350 102200 102825 107075 109100 0 0 0 0 103225 111775 98800 104200 0 0 0 0 0 102975 95475 0 0 0 0 0 0 103900 105675 106550 98100 0 0 0 0 0 0 0 0 0 0 0 0 0 0 0 0 0 0 
0 0 107300 105650 0 99025 100425 98200 0 0 0 99250 0 0 0 0 0 104375 99600 102050 97475 0 0 0 0 0 99950 101800 100550 0 0 0 0 0 0 102000 102600 0 0 0 0 0 0 0 0 0 0 0 0 0 0 0 0 0 0 0 0 0 0 0 0 0 0 0 
0 0 0 0 0 0 0 0 0 0 0 0 101750 0 0 0 0 0 0 0 101125 0 0 0 0 0 0 0 102550 0 0 0 0 0 0 106050 106775 0 0 0 0 0 0 0 0 0 0 0 0 0 0 0 0 0 0 0 99950 0 0 0 0 0 0 0 
0 0 0 0 0 0 0 0 0 0 0 0 0 0 0 0 0 0 101775 103600 104050 0 0 0 0 0 0 102050 101975 0 0 0 0 0 0 99525 101400 0 0 0 0 0 0 0 0 0 0 0 0 0 0 0 0 0 0 0 0 0 0 0 0 0 0 0 
0 0 0 0 0 0 0 0 0 0 0 0 0 0 0 0 0 0 0 0 98150 0 0 0 0 0 0 0 105300 0 0 0 0 0 0 100950 107725 0 0 0 0 0 0 0 0 0 0 0 0 0 0 0 0 0 0 0 0 0 0 0 0 0 0 0 
0 0 0 0 0 0 0 0 0 0 0 0 0 0 0 0 0 0 0 0 0 0 0 0 0 0 0 0 0 0 0 0 0 0 0 103625 0 0 0 0 0 0 0 0 0 0 0 0 0 0 0 0 0 0 0 0 0 0 0 0 0 0 0 0 
103075 101000 102100 0 0 0 0 0 101425 105825 101875 104425 0 104400 0 0 105250 109675 102300 0 0 0 0 0 103175 102525 103650 0 0 0 0 0 0 107575 0 99850 0 0 0 0 0 0 0 0 0 0 0 0 100450 0 102725 99550 99450 0 100500 0 103025 0 103125 102125 100925 105000 0 0 
0 100900 0 0 106150 0 0 0 0 0 104275 0 96500 0 0 0 0 102575 102125 100725 104800 0 0 0 0 103625 104325 103650 0 0 0 0 99250 105350 0 98650 0 0 0 0 0 98575 0 0 0 0 0 0 0 0 0 0 0 0 0 0 0 0 0 0 0 0 0 0 
0 0 100950 0 0 0 0 0 100775 106250 102850 105725 106900 0 0 102275 104025 101750 102850 103350 0 99425 0 0 0 103125 100100 97175 0 0 0 0 0 0 101400 104975 100650 0 0 0 0 0 104100 0 0 0 0 0 0 0 0 0 0 0 0 0 0 0 0 0 0 0 0 0 
0 0 0 0 0 0 0 0 0 0 101425 0 103675 97500 102750 0 0 0 102750 105500 105175 0 0 0 0 0 0 101100 104025 0 0 0 0 0 0 97975 107225 0 0 0 0 104925 0 0 0 0 0 104625 0 0 0 0 0 0 0 0 0 0 0 0 0 0 0 0 
0 103800 0 101000 103325 0 0 0 0 0 0 103925 104525 0 0 0 0 103175 0 0 99875 0 0 0 0 0 0 0 107450 102150 0 0 0 0 0 98850 102325 0 0 0 0 0 0 0 0 0 0 0 0 107425 0 0 104000 0 0 0 0 101750 0 0 0 0 0 0 
0 0 0 0 0 0 0 0 0 0 0 0 0 0 0 0 0 0 0 0 107125 0 0 0 0 0 0 0 97125 0 0 0 0 0 0 100750 97675 0 0 0 0 0 0 0 0 0 0 0 0 0 0 0 0 0 0 0 0 0 0 0 0 0 0 0 
0 0 0 0 0 0 0 0 0 0 0 0 0 0 0 0 0 0 95475 99575 100900 0 0 0 0 0 0 100275 107875 0 0 0 0 0 0 101850 100575 0 0 0 0 0 0 0 0 0 0 0 0 0 0 0 0 0 0 0 0 0 0 0 0 0 0 0 
0 0 0 0 0 0 0 0 0 0 0 0 0 0 0 0 0 0 0 0 0 0 0 0 0 0 0 0 0 0 0 0 0 0 0 100525 0 0 0 0 0 0 0 0 0 0 0 0 0 0 0 0 0 0 0 0 0 0 0 0 0 0 0 0 
104150 100200 105875 106850 0 0 0 0 101025 102575 106300 0 0 0 103200 0 102400 99975 107900 102775 0 104850 0 105650 96475 100700 98950 99825 0 0 102300 0 101750 107475 0 103325 0 101300 0 0 99100 0 0 0 0 0 0 0 0 0 0 0 0 0 0 104500 0 0 0 0 0 0 0 0 
0 0 0 107175 0 0 0 0 0 98375 0 0 0 0 0 0 0 104725 103075 105575 98475 0 0 0 0 108275 0 0 0 0 0 0 105150 103075 0 102125 0 0 0 0 0 100525 99975 0 0 0 0 0 0 0 0 0 0 0 0 0 0 0 0 0 0 0 0 0 
0 0 106350 101850 0 0 0 0 0 0 0 103450 101050 0 96975 0 0 0 102175 99175 0 105850 0 102100 0 98300 100475 104900 0 0 0 0 0 100825 102750 102225 0 0 0 0 0 101100 101700 0 101000 0 0 0 0 0 0 0 0 0 0 0 0 0 0 0 0 0 0 0 
0 103575 0 105500 100175 0 0 0 0 0 0 100850 104950 0 0 0 0 102850 100625 107075 104475 101125 0 0 0 0 105025 0 104800 106550 0 0 0 0 0 100475 105550 0 0 0 0 0 0 0 0 0 0 0 105750 0 0 0 0 0 0 0 0 0 0 0 0 0 0 0 
0 101025 0 0 0 0 0 0 0 0 0 0 0 0 0 0 0 0 0 0 101225 0 103400 0 0 0 0 0 96075 101425 0 0 0 0 107625 101800 104950 105625 0 0 0 0 0 0 0 0 0 0 0 0 0 0 0 0 0 0 0 101700 0 0 0 0 105025 0 
0 0 0 0 0 0 0 0 0 0 0 0 100700 0 0 0 0 101525 99975 97600 97950 0 0 0 0 0 102675 98750 106875 0 0 0 0 0 0 101725 102925 0 0 0 0 0 0 0 0 0 0 0 0 0 0 0 0 0 0 0 0 0 0 0 0 0 0 0 
0 0 0 0 0 0 0 0 0 0 0 0 103750 0 0 0 0 100600 104400 0 0 0 0 0 0 0 102150 0 0 0 0 0 0 0 0 104125 0 0 0 0 0 0 0 0 0 0 0 0 0 0 0 0 0 0 0 0 0 0 0 0 0 0 0 0 
0 0 0 0 0 0 0 0 0 0 0 0 0 0 0 0 0 0 0 0 0 0 0 0 0 0 0 0 0 0 0 0 0 0 0 105600 0 0 0 0 0 0 0 0 0 0 0 0 0 0 0 0 0 0 0 0 0 0 0 0 0 0 0 0 
0 0 99050 96300 0 99425 95850 100575 102250 101425 0 0 0 0 0 0 106325 97225 102600 0 103100 0 0 0 99750 104825 106850 102850 100425 101750 101275 0 0 102250 98900 103150 0 0 0 0 0 0 98650 0 0 0 0 0 104375 99000 0 0 0 0 0 0 0 0 0 0 0 0 0 0 
0 0 0 0 0 0 0 0 0 109600 0 0 0 0 0 0 98375 99225 105300 0 0 0 102850 0 100700 97650 101250 0 0 99550 0 0 101250 102300 0 100575 98000 0 0 0 101400 102550 0 0 0 0 0 0 0 106725 0 0 0 0 0 0 101700 0 0 0 0 0 0 0 
0 0 0 0 0 0 0 0 0 0 106900 0 0 0 0 0 100725 0 0 0 0 0 0 0 0 105350 103525 106675 100275 0 0 0 0 0 106950 106775 0 0 0 0 0 0 102125 0 0 0 0 0 0 0 0 0 0 0 0 0 0 0 0 0 0 0 0 0 
0 0 0 0 0 0 0 0 0 0 0 0 0 0 0 0 0 104950 98125 0 98525 0 0 0 0 0 107850 106225 103350 99875 0 104625 0 0 0 101750 102300 0 0 0 0 0 0 0 0 0 0 0 0 0 0 0 0 0 0 0 0 0 0 0 0 0 0 0 
0 0 0 0 0 98450 0 102125 0 0 0 0 0 0 0 0 0 0 106525 0 102150 0 0 0 0 0 0 102475 105025 0 98225 0 0 0 0 104300 102125 0 0 0 0 0 0 0 0 0 0 0 0 0 0 0 0 0 0 0 0 0 0 0 0 0 0 0 
0 0 0 0 0 0 0 0 0 0 0 0 99350 0 0 0 0 0 0 0 99400 0 0 0 0 0 0 0 100300 102725 0 103775 0 0 0 101625 104575 0 0 0 0 0 0 0 0 0 0 0 0 0 0 0 0 0 0 0 0 0 0 0 0 0 0 0 
0 0 0 0 0 0 0 0 0 0 0 0 0 0 0 0 0 106275 102300 103375 0 0 0 0 0 0 105250 105825 0 0 0 0 0 0 0 99900 0 0 0 0 0 0 0 0 0 0 0 0 0 0 0 0 0 0 0 0 0 0 0 0 0 0 0 0 
0 0 0 0 0 0 0 0 0 0 0 0 0 0 0 0 0 0 0 0 0 0 0 0 0 0 0 0 0 0 0 96850 0 0 0 0 0 0 104850 0 0 0 0 0 0 0 0 0 0 0 0 0 0 0 0 0 0 0 0 0 0 0 0 0 
101125 0 0 0 0 0 0 0 101075 103075 0 0 0 0 0 0 104050 105850 104450 0 0 0 0 0 101350 101300 102000 0 0 102125 0 0 100600 106375 101250 100625 108875 0 103525 0 100550 103425 100475 0 0 0 102450 0 102750 108575 103725 106450 104050 0 0 0 98650 0 0 0 0 0 0 0 
0 0 0 0 0 0 0 0 0 104675 0 0 0 0 0 0 0 100875 102025 104600 0 0 0 0 0 104325 0 104325 0 0 0 0 102750 98675 98275 99725 0 0 0 0 0 102800 0 0 0 0 0 0 0 0 102775 0 0 0 0 0 0 0 0 0 0 0 0 0 
0 0 0 0 0 0 0 0 0 0 0 0 0 0 0 0 0 101700 103800 0 99850 0 0 0 0 97875 103225 0 0 0 0 0 0 0 98950 104725 0 100625 0 0 0 0 105375 0 0 0 0 0 0 0 0 0 0 0 0 0 0 0 0 0 0 0 0 0 
0 0 0 0 0 0 0 0 0 0 108750 104050 100350 0 0 103700 0 0 106525 102425 101250 100150 0 0 0 0 101125 107750 97625 0 0 0 0 0 106350 104550 105000 0 0 0 0 0 0 0 0 0 0 0 0 0 0 0 0 0 0 0 0 0 0 0 0 0 0 0 
0 0 0 0 0 0 0 0 0 0 0 0 0 0 102075 0 0 0 0 0 104150 99700 0 0 100125 0 0 0 104975 0 101900 0 0 0 0 103350 97450 97475 0 0 0 0 0 0 0 0 0 0 0 0 0 0 0 0 0 98725 0 0 0 0 0 0 0 0 
0 0 0 0 0 0 0 0 0 0 0 0 0 0 0 0 0 103700 103125 102100 100725 0 0 0 0 0 103225 100825 100275 0 0 0 0 0 0 101125 106100 0 0 105350 0 0 0 0 0 0 0 0 0 0 0 0 0 0 0 0 0 0 0 0 0 0 0 0 
0 0 0 0 0 0 0 0 0 0 0 0 0 0 0 0 0 0 0 0 0 0 0 0 0 0 0 0 0 0 0 0 0 0 0 100800 0 0 103575 0 0 0 0 0 0 0 0 0 0 0 0 0 0 0 0 0 0 0 0 0 0 0 0 0 
0 0 0 0 0 0 0 0 0 0 0 0 0 0 0 0 0 0 0 0 0 0 0 0 0 0 0 0 0 0 0 0 0 0 0 0 0 0 0 103925 0 0 0 0 0 0 0 0 0 0 0 0 0 0 0 0 0 0 0 0 0 0 0 0 
0 100925 0 0 0 0 0 0 0 0 101100 0 0 0 0 0 0 100775 105075 105650 0 0 0 0 0 106200 0 0 0 0 0 0 103900 98700 0 104900 0 0 0 0 0 105575 0 102900 103050 0 0 0 101625 0 0 0 0 0 0 101925 0 0 0 0 0 0 0 0 
0 0 100850 0 0 0 0 0 0 0 0 0 0 0 0 0 0 101050 99625 102375 0 0 0 0 0 100150 0 101225 0 0 0 0 102300 105000 101675 100125 0 0 0 0 0 101775 101025 0 0 0 0 0 0 0 0 0 0 0 0 0 0 0 0 0 0 0 0 0 
0 0 0 0 0 0 0 0 0 0 0 0 0 101375 0 0 0 98075 0 102550 0 0 0 0 0 99200 103025 0 96150 0 0 0 0 0 102100 101225 0 100825 0 0 0 0 102600 101225 99625 106100 0 102075 0 0 105825 0 101050 0 0 0 0 0 0 0 0 0 0 0 
0 0 99650 0 0 0 0 0 0 0 0 103625 98650 0 0 0 0 0 0 0 101750 0 0 0 0 0 103375 0 99825 0 0 0 0 0 0 98900 103025 0 0 0 0 0 0 102225 98950 104875 0 0 0 0 0 0 0 0 0 0 0 0 0 0 0 0 0 0 
0 0 0 0 0 0 0 0 0 0 0 0 0 0 0 0 0 0 0 0 106275 0 0 0 0 0 0 0 105325 109750 0 0 0 0 97650 103250 105900 0 101150 0 0 0 0 0 0 0 102150 0 0 0 103775 0 0 0 0 0 0 0 0 0 0 0 0 0 
0 0 0 102425 102500 0 0 0 0 0 0 0 0 0 0 0 0 0 0 0 106200 0 0 0 0 0 0 0 103975 0 0 0 0 0 0 94825 98850 0 0 0 0 0 0 0 103275 101625 0 0 0 0 0 0 0 0 0 0 0 0 0 0 0 0 0 0 
0 0 0 0 0 0 0 0 0 0 0 0 0 0 0 0 0 0 0 0 0 0 0 0 0 0 0 0 0 0 0 0 0 0 0 101600 0 0 0 0 0 0 0 0 0 0 0 0 0 0 0 0 0 0 0 0 0 0 0 0 0 0 0 0 
0 0 0 0 0 0 0 0 0 0 0 0 0 0 0 0 0 0 101375 102175 0 0 0 0 0 0 0 99400 0 0 0 0 0 0 0 103250 0 0 0 0 0 0 0 0 0 0 0 0 0 0 0 0 0 0 0 0 0 0 0 0 0 0 0 0 
100475 107625 0 0 0 0 0 0 105800 0 0 0 0 0 0 0 0 101875 102950 0 0 0 0 0 0 108550 107625 0 0 0 0 0 100575 103900 0 96900 0 0 0 0 0 99650 0 97625 0 0 0 0 0 0 0 103775 100200 106450 0 0 105725 100675 104375 0 0 0 0 0 
0 0 0 0 0 0 0 0 95975 103300 0 0 0 0 0 0 0 0 102550 108725 0 0 0 0 0 99575 105375 105200 0 0 0 0 0 0 101325 101675 0 0 0 0 0 0 100900 0 0 0 0 0 100925 0 102500 100775 0 0 102950 0 104625 0 0 0 0 0 0 0 
0 0 106250 0 0 0 0 0 101150 98750 104650 107900 0 106800 107325 0 101325 100950 105300 101700 0 0 0 0 0 99125 101250 0 0 0 0 0 109750 0 100775 104200 0 106700 0 0 0 98050 101475 101300 102050 0 0 103750 100425 0 0 0 101050 0 0 101100 0 0 0 0 0 0 0 0 
0 0 0 0 0 0 0 0 0 0 0 0 0 0 0 0 0 100850 99525 0 104225 0 0 0 0 0 106450 0 104150 0 0 0 0 0 0 104600 102500 0 0 0 0 0 98750 0 0 0 99625 0 0 101625 0 99225 102725 0 0 0 0 0 0 0 0 0 0 0 
0 0 0 0 0 0 0 0 0 0 0 0 0 103700 0 0 0 103175 99025 0 103075 0 0 0 0 0 104925 0 100375 0 0 0 0 0 0 101600 98475 0 0 0 0 0 0 0 0 0 0 0 0 0 0 98900 105575 0 106250 0 0 0 0 0 103050 101450 0 0 
0 0 0 0 0 0 0 0 0 0 0 0 0 0 0 0 0 0 0 0 101700 0 0 0 0 0 0 0 103650 0 0 0 0 0 0 102500 99875 0 0 0 0 0 0 0 0 0 0 0 0 0 0 0 0 0 0 0 0 0 0 0 0 0 0 0 
0 0 0 0 0 0 0 0 0 0 0 0 0 0 0 0 0 0 0 0 0 0 0 0 0 0 0 0 0 0 0 0 0 0 0 98250 0 0 0 0 0 0 0 0 0 0 0 0 0 0 0 0 0 0 0 0 0 0 0 0 0 0 0 0 
0 0 0 0 0 0 0 0 0 0 0 0 0 0 0 0 0 0 99750 105275 0 0 0 0 0 0 0 102050 0 0 0 0 0 0 0 105175 0 0 0 0 0 0 0 0 0 0 0 0 0 0 0 0 0 0 0 0 0 0 0 0 0 0 0 0 
0 105725 0 0 0 0 0 0 108175 104675 0 0 0 0 0 0 101700 104625 105775 0 0 0 102525 0 0 107475 103500 0 0 100675 0 0 99575 103250 0 107850 0 99175 0 0 102075 101875 0 0 0 0 0 0 0 99650 0 0 0 0 0 0 100925 103650 0 99200 100350 0 103075 104450 
0 0 0 0 0 0 0 0 0 106025 0 0 0 0 0 0 99475 0 103100 99950 0 0 0 0 98675 100400 102175 103125 0 0 0 0 107225 103950 104425 98700 0 100725 0 0 0 0 104275 0 0 0 0 0 0 0 0 0 0 0 0 0 0 0 0 0 0 0 0 0 
0 0 104625 98675 0 0 0 0 0 0 0 0 0 0 0 0 0 102125 102775 0 101725 0 0 0 0 104575 104475 103675 103225 0 100575 0 0 0 0 103400 100750 0 0 0 0 0 0 0 0 0 0 0 0 0 0 0 0 0 0 0 0 0 0 0 0 0 0 0 
0 0 0 0 0 0 0 0 0 0 0 0 0 0 0 0 0 0 102925 101675 99650 0 0 0 0 0 0 100000 101900 0 0 0 0 0 0 103225 101475 0 0 0 0 0 0 0 0 0 0 0 0 0 106175 0 0 0 0 0 103450 0 101250 106525 104525 109175 0 0 
0 0 0 0 0 0 0 0 0 101925 0 0 0 0 0 0 0 0 105075 103975 100450 0 0 0 0 0 0 102200 107600 0 0 0 0 0 0 105000 106000 0 0 0 105025 0 0 0 0 0 0 0 0 104175 0 0 0 100975 0 0 0 100900 104225 0 0 0 0 0 
0 0 0 0 0 0 0 0 0 0 0 0 0 0 0 0 0 0 0 0 98400 0 0 0 0 0 0 0 101200 0 0 0 0 0 0 107125 106375 0 0 0 0 0 0 0 0 0 0 0 0 0 0 0 0 0 0 0 0 0 0 0 0 0 0 0 
0 0 0 0 0 0 0 0 0 0 0 0 0 0 0 0 0 101550 101150 0 0 0 0 0 0 0 101200 0 0 0 0 0 0 0 0 104725 0 0 0 0 0 0 0 0 0 0 0 0 0 0 0 0 0 0 0 0 0 0 0 0 0 0 0 0 
0 0 0 0 0 0 0 0 0 0 0 0 0 0 0 0 0 0 0 0 0 0 0 0 0 0 0 0 0 0 0 0 0 0 0 100850 0 0 0 0 0 0 0 0 0 0 0 0 0 0 0 0 0 0 0 0 0 0 0 0 0 0 0 0 
