639300 630850 637550 637375 643825 597775 648500 663450 625650 626400 634875 664775 680725 641525 656900 623425 657650 650575 660575 636900 641250 642400 615475 658575 641250 623475 644675 631200 619225 638250 652800 628625 597725 650975 650425 662750 627350 638950 630175 638050 636100 611850 635600 647800 655275 631475 645800 639725 635550 619925 638700 642525 609825 639175 644975 653350 649525 670800 633150 649275 623175 646225 630275 659425 
0 670525 687775 0 0 0 0 649250 0 647925 0 0 0 0 0 0 0 638800 0 656175 0 0 0 650625 0 0 0 641200 0 0 0 0 0 0 0 0 0 0 0 605550 0 0 0 0 0 0 0 639500 0 0 0 0 0 0 0 0 0 0 0 0 0 0 660775 0 
0 646050 665375 602775 0 643650 0 0 0 0 0 0 0 0 0 0 0 655550 0 0 0 0 0 0 0 0 640525 639250 0 0 0 0 0 0 0 0 0 0 0 0 0 0 0 0 0 0 0 0 0 0 635800 0 0 0 0 0 0 630000 0 634700 0 661250 647975 0 
0 0 0 610150 640000 0 0 649250 0 0 0 0 606475 638450 0 0 0 0 0 0 622825 653375 0 606125 0 0 0 644775 651075 0 644750 0 0 0 0 667100 0 0 0 0 0 0 0 648575 632850 0 0 0 0 0 0 0 0 0 0 0 0 0 0 0 0 0 0 0 
0 0 0 0 644375 0 623550 599025 0 0 0 0 646800 662075 0 0 0 0 0 0 0 0 0 0 0 0 0 643125 652850 612125 649200 633900 0 0 0 0 0 0 0 648825 0 0 639925 612775 639525 0 0 608375 0 0 0 0 629750 0 0 0 0 0 0 0 0 623950 0 0 
0 655525 0 0 621125 660500 0 639275 0 0 0 0 656875 644950 0 635625 0 0 0 0 0 647100 0 619050 0 0 0 655850 0 664125 0 0 0 0 0 0 0 0 642625 0 0 0 0 0 0 0 0 635675 0 0 0 0 0 0 0 0 0 0 0 0 0 0 0 0 
0 0 664775 0 0 652575 647525 633700 0 0 0 0 0 612475 0 0 0 0 0 0 0 636900 0 0 0 0 0 681550 0 0 635475 0 0 0 0 0 0 0 0 636100 0 0 0 0 0 0 0 617550 0 0 0 0 0 0 0 0 0 0 0 0 0 0 660300 0 
0 0 0 0 0 597500 648325 613425 0 0 0 0 0 0 0 0 0 0 0 0 0 0 0 0 0 0 0 632075 0 0 0 613200 0 0 0 0 0 0 622875 650775 0 0 0 0 0 0 0 649100 0 0 0 0 0 0 0 0 0 0 0 0 0 0 0 0 
632950 0 0 0 0 0 0 0 681125 0 0 0 0 0 0 0 611600 635400 654550 0 0 0 0 0 0 0 623250 643875 0 0 0 0 0 0 0 0 0 0 0 621200 0 0 0 0 0 0 0 608600 0 0 0 0 0 0 0 0 0 0 0 625050 0 0 0 0 
0 0 0 0 0 0 632700 636825 0 640925 0 646100 637175 0 0 0 0 621425 622075 0 0 0 0 0 0 0 670250 645600 0 0 0 0 0 0 0 0 0 0 0 607300 0 0 0 0 0 0 0 638150 0 0 0 0 0 0 0 0 0 0 0 0 0 0 642100 0 
0 0 0 0 0 0 0 0 0 0 638375 638875 0 0 0 0 0 0 0 0 0 0 0 0 0 0 0 622600 666225 0 0 0 0 0 0 0 0 0 0 0 0 630125 617725 0 0 0 0 0 0 0 655600 631825 0 0 0 0 0 0 0 0 0 0 0 0 
0 0 602075 0 0 0 0 0 0 629925 0 659775 621525 662625 0 0 0 0 0 0 0 0 0 0 0 0 0 656300 646200 0 0 0 0 0 0 644450 0 0 0 0 0 0 0 639300 0 0 0 0 0 651025 664650 0 0 0 0 0 0 0 0 0 0 0 0 0 
0 0 0 0 0 651850 0 651750 0 0 0 0 657025 646575 656150 0 0 0 0 0 0 639050 0 639175 0 0 0 629850 0 661650 0 0 0 0 0 647775 0 0 641300 0 0 0 0 627175 642175 0 0 0 0 0 0 0 673825 0 0 0 0 0 0 0 0 0 0 0 
0 0 0 0 0 0 0 0 600050 0 0 0 0 621975 0 648725 0 0 0 0 0 654400 0 618950 0 0 0 681525 0 0 619875 637750 0 0 0 0 0 0 627500 625075 0 0 0 0 663575 0 656050 610025 0 0 0 0 678725 620050 0 0 0 0 0 0 0 639975 0 0 
0 0 0 0 0 0 0 0 0 0 0 0 0 632150 659600 0 0 0 0 0 0 0 0 640450 0 0 0 633550 0 0 649225 625800 0 0 0 0 0 0 623550 653425 0 0 0 0 0 0 0 656175 0 0 0 0 0 0 0 0 0 0 0 0 0 0 0 0 
0 0 0 0 0 0 0 0 0 649375 0 0 0 0 643250 635125 0 0 0 0 0 0 0 0 0 655575 0 665600 0 0 0 0 0 0 0 0 0 0 0 647150 0 0 0 0 0 0 0 622625 0 0 0 0 0 0 0 0 0 0 0 0 0 0 632050 0 
0 0 0 0 0 0 0 0 0 0 0 0 0 0 0 0 632825 0 0 0 621750 636250 631950 622875 641775 0 628650 670500 0 0 0 0 0 620500 0 0 0 0 0 632425 0 0 0 0 0 0 0 0 605150 0 0 0 0 0 0 0 0 0 0 0 0 668125 0 0 
0 0 627625 0 648400 0 0 620600 0 0 0 0 654175 645225 0 0 0 632425 0 0 0 0 0 0 0 0 0 657150 620450 624150 634650 0 0 611175 640975 0 0 0 0 0 0 646400 646450 645075 635850 0 0 0 0 625675 0 0 0 0 0 0 0 0 0 0 0 0 0 0 
0 0 0 0 0 0 0 0 0 0 0 0 0 0 0 0 0 0 622175 0 648400 638600 0 0 0 0 657850 627300 0 622725 660900 0 0 0 640400 0 0 0 0 0 650750 623975 620275 0 0 0 0 0 0 0 0 0 0 0 0 0 0 0 0 0 0 0 0 0 
0 692700 640750 645925 0 0 0 664850 0 0 0 0 640800 657000 0 0 0 619550 0 668025 639450 654900 0 620275 0 0 0 640750 641200 0 640125 0 0 0 0 0 0 0 0 0 0 0 0 635775 628825 0 0 0 0 0 0 0 0 0 0 0 0 0 0 0 0 0 0 0 
0 0 0 0 0 0 0 0 0 0 0 0 0 0 0 0 644025 0 0 0 639800 653575 624475 655600 0 0 663300 638975 654775 0 0 0 0 0 652725 625350 0 0 0 655575 0 0 0 0 641000 0 0 0 0 0 0 0 0 0 0 0 0 0 0 0 0 637250 0 0 
0 0 0 0 657425 0 0 0 0 0 0 0 0 0 0 0 0 0 0 0 629825 616600 0 636575 0 0 0 660075 621500 0 0 0 0 0 0 0 0 0 0 0 0 0 0 642300 634450 0 0 0 0 0 0 0 637250 633550 0 0 0 0 0 0 0 655100 656825 0 
0 648725 0 0 0 0 0 0 0 637775 0 0 0 0 0 0 0 625300 0 0 0 0 618175 646550 0 0 0 623550 0 0 0 0 0 0 0 0 0 0 0 625875 0 0 0 0 0 0 0 634375 0 0 0 0 0 607825 654375 0 0 642800 0 0 0 638725 625750 0 
0 0 0 0 0 0 0 0 0 0 0 0 0 0 0 0 0 0 0 649500 0 0 653325 627225 0 0 0 616925 0 0 0 0 0 0 0 0 0 0 632075 0 0 0 0 0 0 0 0 0 0 0 0 0 0 0 0 0 0 0 0 0 0 0 0 0 
0 0 635025 0 0 0 0 0 676075 0 0 0 651825 0 0 0 0 0 658975 0 0 0 0 0 643500 0 638525 644725 0 0 0 0 0 0 633750 623625 0 0 0 0 617350 683750 0 640850 0 0 0 0 0 617875 665550 0 0 0 0 0 0 0 0 0 0 0 0 0 
0 653475 657950 642275 0 0 0 0 0 0 0 0 0 0 0 0 0 616350 0 0 0 0 0 0 0 656400 684775 641575 638900 649375 0 0 0 0 643425 636150 0 0 0 0 0 0 643500 0 662275 0 0 0 0 655650 0 0 0 0 0 0 0 0 0 0 0 0 0 0 
0 0 0 0 0 0 0 0 0 0 0 0 0 0 0 0 641450 638325 650000 0 0 0 0 0 0 0 615075 650600 655950 0 0 0 0 0 0 0 0 0 0 0 0 0 621125 665425 644200 0 0 0 0 0 654200 0 0 0 0 0 0 610050 0 0 0 0 0 0 
646125 628275 656925 633100 644500 645250 640900 639300 640425 641125 628650 656800 650950 653450 656275 643525 652100 638150 624775 622625 627325 687900 634275 626250 624225 615275 644125 662625 620625 624450 659625 644450 640950 655150 630550 614600 618450 619600 650175 632225 654325 632050 655800 648500 664225 644525 675000 605700 636975 618900 635525 667550 630800 668575 636425 641975 660425 625775 620350 640350 649700 637625 647050 661925 
0 0 0 0 638925 0 0 0 0 672875 0 659800 639150 0 0 0 0 631400 629825 0 0 0 0 0 0 0 629725 635825 646850 645625 625775 643900 0 0 0 0 0 0 0 638025 0 0 0 0 660475 0 0 635675 0 0 0 0 657475 0 0 0 0 0 0 0 0 0 0 0 
0 0 0 0 0 0 0 0 0 0 0 0 0 0 0 0 0 0 0 0 670350 646025 0 0 662675 0 0 615225 0 630350 613575 0 0 0 0 0 0 644475 0 0 0 0 0 0 0 0 636525 674450 0 0 0 0 0 632725 0 0 0 0 0 0 0 645475 0 0 
0 0 0 0 0 0 660700 0 0 0 0 0 0 0 634575 0 0 0 0 0 0 0 0 0 0 0 0 628050 626375 642600 635725 662950 0 0 0 0 0 0 0 0 0 0 0 0 0 0 0 0 0 0 0 0 0 0 0 0 0 0 0 0 0 0 0 635875 
0 0 0 0 0 0 0 0 0 0 0 0 0 0 0 0 0 0 0 0 0 0 0 0 0 652450 0 635250 0 0 0 620475 0 638850 0 0 0 0 0 673325 0 0 0 0 0 0 0 662500 0 0 0 0 0 0 0 0 0 0 0 0 0 0 0 0 
0 0 0 0 0 0 0 0 0 0 0 0 0 0 648300 0 0 0 0 0 630100 641925 0 0 0 0 618775 658075 648375 0 618650 658725 603800 0 614725 643400 0 0 626175 641075 0 0 0 0 669500 0 0 614725 0 0 0 0 616475 624050 0 0 661225 0 0 0 0 644725 0 0 
0 0 0 0 0 0 0 0 0 0 0 0 0 0 0 0 0 0 0 0 0 0 0 0 0 0 0 630200 0 0 0 0 636925 656375 0 626450 0 0 0 0 645800 651600 628150 0 0 0 0 0 0 623225 626550 0 0 0 0 0 613475 635425 0 0 0 0 0 0 
0 0 0 0 0 0 0 0 0 0 0 0 0 0 0 0 0 0 0 0 0 0 0 0 0 0 0 663750 629775 624100 0 0 0 664275 617925 0 648375 639900 627750 639475 0 637425 0 0 613000 0 0 0 0 644850 647875 0 0 0 0 0 0 0 0 0 0 0 0 0 
0 0 0 0 0 0 0 0 0 0 0 0 0 0 0 0 0 0 0 0 0 0 0 0 655700 0 643250 622075 0 0 0 0 0 645150 0 623650 0 615675 0 0 640350 0 0 0 0 0 0 0 0 0 0 652925 659100 667450 0 0 0 0 0 668375 0 615425 621100 0 
0 0 0 0 0 0 0 0 652350 0 0 0 0 0 0 0 0 0 0 0 0 0 0 0 0 0 0 647950 633550 641725 0 0 0 0 614275 627125 645150 0 0 657100 0 0 641225 0 646725 620625 0 646925 0 647800 0 0 0 620675 0 0 0 0 0 619500 0 0 0 0 
0 0 0 0 0 0 0 0 0 0 0 0 0 0 0 0 0 0 0 0 0 0 0 0 0 0 0 636750 640900 614500 0 0 0 0 0 0 0 645800 618100 595725 0 0 0 0 624600 628800 0 0 0 0 0 0 0 643125 0 635675 0 0 0 0 0 0 0 0 
0 0 0 0 0 0 0 0 0 0 0 0 0 0 0 0 0 0 0 0 0 0 0 0 0 0 0 642150 0 0 0 0 615900 0 629625 0 0 0 646775 0 0 0 0 0 0 0 660550 0 0 0 0 0 620325 634025 0 0 0 0 0 0 0 642375 665875 0 
0 0 0 0 0 0 0 632000 0 0 0 0 0 0 0 634675 0 0 0 0 0 0 0 0 0 0 0 614100 0 0 0 0 0 0 0 0 631075 0 0 624125 0 0 0 0 0 0 0 0 0 0 0 0 0 0 0 0 0 0 0 0 0 0 0 0 
0 0 0 0 0 0 0 0 0 0 0 0 0 0 0 0 0 0 0 0 0 0 0 0 629525 0 0 635750 0 0 0 0 0 0 0 0 0 0 0 0 652825 0 0 0 0 0 0 672200 0 651150 0 0 0 649300 0 0 656150 636150 0 0 0 644450 0 0 
0 0 0 0 0 0 0 0 0 0 0 0 0 0 0 0 0 0 0 0 0 0 0 0 0 0 0 627975 606800 0 0 0 0 0 0 0 0 0 0 0 642325 620750 0 635800 660425 0 0 0 634975 0 0 0 625900 653275 0 0 621875 625325 0 638825 0 634675 654475 0 
0 0 0 0 0 0 0 0 0 0 0 0 0 0 0 0 0 0 0 0 0 0 0 0 0 0 0 632500 0 0 0 0 0 0 0 0 0 658600 0 0 0 0 628575 654475 649025 0 0 0 0 0 627775 0 646550 0 0 0 0 624550 641975 653375 0 639775 634700 0 
0 0 0 654575 0 0 0 0 0 0 0 0 0 0 0 0 0 0 0 0 0 654675 0 0 0 0 0 660800 0 0 0 624500 0 0 0 631800 0 0 0 619300 0 0 0 614150 644625 640875 0 637125 0 0 0 0 0 0 0 0 0 0 0 0 0 0 0 0 
0 0 0 0 632100 0 0 0 0 0 0 0 660175 0 0 0 0 0 0 0 0 0 0 0 0 0 0 650300 0 0 0 0 0 0 0 0 0 0 0 0 0 0 0 0 677950 0 0 602975 0 630575 0 0 626450 0 0 0 629900 0 636725 637075 644800 0 601400 0 
630325 0 0 0 0 633725 0 0 0 0 0 0 0 0 0 0 0 0 0 0 0 0 0 0 0 0 0 667825 0 0 0 657675 0 0 0 0 0 0 629250 661250 0 0 0 0 0 613350 0 649300 0 0 0 0 0 0 0 0 0 0 0 0 0 0 0 0 
0 0 0 0 0 0 0 0 0 0 0 0 0 0 0 0 0 0 0 0 0 0 654175 0 0 0 0 653225 0 0 0 0 0 0 0 0 0 0 0 0 0 0 0 0 0 0 620075 638975 0 0 0 0 0 0 0 0 0 0 0 0 0 0 0 0 
0 0 0 0 0 0 0 0 0 0 0 0 0 0 0 0 0 0 0 0 0 0 0 0 0 0 0 652600 0 0 0 0 0 0 0 0 0 0 0 0 0 0 0 0 0 650225 0 629475 0 0 0 0 0 0 619375 645325 0 0 0 0 0 0 0 0 
0 0 0 0 0 0 0 0 0 0 0 0 0 0 0 0 0 0 0 0 0 0 0 0 0 0 0 627575 0 0 0 0 662200 0 0 0 0 0 0 0 608850 0 0 0 644550 0 0 0 632700 633825 675450 0 644525 0 0 0 619375 0 0 648225 0 0 0 0 
0 632525 0 0 0 0 0 0 0 654400 0 0 0 0 0 0 0 0 0 0 0 0 0 0 0 622950 0 614575 0 0 0 0 0 0 0 0 0 0 0 640800 0 0 0 0 0 0 0 664525 0 630275 658025 623850 0 0 0 638475 0 634450 0 611625 0 622975 624525 0 
0 0 0 0 0 0 0 0 0 0 0 0 0 0 0 0 0 0 0 0 0 0 0 0 0 0 0 636775 0 0 0 0 0 0 681775 0 0 0 0 0 0 0 645800 0 0 0 0 0 0 0 614575 0 613650 650025 0 0 0 619325 619050 633575 644325 635950 652900 0 
0 0 0 0 0 0 0 0 0 0 0 0 0 647250 0 0 0 0 0 0 0 0 0 0 0 0 0 638425 0 0 0 0 0 0 0 640450 0 0 0 0 0 0 0 668425 653200 0 0 657350 0 0 0 669000 616125 0 629750 0 0 0 0 665100 0 0 650625 0 
0 0 0 0 0 0 0 0 0 0 0 0 0 0 0 0 0 0 0 0 701275 0 0 0 0 0 0 650375 0 0 0 0 0 0 0 0 624550 0 664175 0 0 0 0 0 661325 0 0 0 0 0 0 0 658275 646400 0 0 0 0 0 0 0 607025 605225 0 
649950 0 0 0 0 663450 0 0 0 0 0 0 0 645900 0 0 0 0 0 0 0 642175 0 658275 0 0 0 626000 0 0 0 0 0 0 0 0 0 645100 0 0 0 0 0 0 0 0 0 0 0 0 0 0 0 656550 0 0 0 0 0 0 0 0 0 0 
0 0 0 0 0 0 0 0 0 0 0 0 0 0 0 0 0 0 0 0 0 0 0 0 0 0 0 658750 0 0 0 0 0 0 0 0 0 0 0 0 0 0 0 0 0 0 655875 0 632425 0 0 0 0 0 638225 0 0 0 0 0 0 0 0 658175 
0 0 0 0 0 0 0 0 0 0 0 0 0 0 0 0 0 0 0 0 0 0 0 662200 0 0 0 699725 0 0 0 0 0 0 0 0 0 0 0 0 0 0 0 0 0 0 0 0 0 0 0 0 0 0 0 635300 0 0 0 0 0 0 0 0 
0 0 0 0 0 0 0 0 0 0 0 0 0 0 0 0 632400 0 0 0 0 0 0 0 0 0 0 622400 0 0 0 0 0 0 0 0 0 0 0 0 617675 0 0 0 0 0 0 0 651275 0 0 0 0 0 0 0 634600 620525 617925 649075 0 645275 632275 0 
0 0 0 0 0 0 0 0 0 0 0 0 0 0 0 0 0 638725 0 0 0 0 0 0 0 611325 0 635175 0 0 0 0 0 626900 0 0 0 0 0 0 0 0 0 0 0 0 0 0 0 0 0 0 0 656025 0 0 0 633375 0 632500 0 617800 663850 0 
0 0 0 0 0 0 0 0 0 0 0 0 0 0 0 0 0 0 0 0 0 0 0 0 0 0 0 632475 0 0 0 0 0 0 0 0 0 0 0 0 0 0 0 0 0 0 0 0 617100 0 0 0 0 0 0 0 627250 0 645650 0 0 648250 654775 0 
0 0 0 0 0 0 0 0 0 0 0 0 0 0 0 0 0 0 0 599950 0 0 0 0 0 0 0 626500 0 0 0 0 0 0 0 643700 0 0 0 0 0 0 0 0 0 0 0 0 0 0 0 651075 640350 631300 649875 0 0 0 0 659675 0 669200 659675 0 
0 0 0 0 0 0 0 0 0 0 0 0 0 0 0 0 0 0 0 0 0 0 0 0 0 0 0 647175 0 0 0 0 0 0 0 0 0 0 0 0 0 0 0 0 0 0 0 616675 0 0 0 620400 0 0 0 0 0 0 0 0 673250 0 659625 631925 
0 0 0 0 0 0 0 0 0 0 0 0 0 0 0 0 0 0 0 0 0 0 0 0 0 0 0 646250 0 0 0 0 0 0 0 0 0 0 0 0 0 0 0 0 0 637000 0 0 0 0 0 0 0 0 0 0 634250 0 0 0 620575 616825 0 0 
0 0 0 0 0 0 618700 0 0 0 0 0 0 0 0 615500 0 0 0 0 0 0 0 0 0 0 0 620250 0 0 0 0 0 0 0 0 0 0 0 0 0 0 0 0 0 0 0 0 0 0 0 0 0 0 648700 0 0 0 0 0 0 0 669600 0 
0 0 0 0 0 0 0 0 0 0 0 0 0 0 624800 0 0 0 0 0 0 0 0 0 0 0 0 624700 0 0 0 0 0 0 0 0 0 0 0 0 0 0 0 0 0 0 0 0 0 0 0 0 0 0 0 0 0 0 0 0 0 0 0 619450 
