638825 622550 673300 632950 648875 617900 660750 656400 641575 639550 635200 628050 621125 616400 652450 636250 632325 658875 639725 638675 596425 627225 651050 650750 633025 642350 628300 651325 622825 639225 658300 654275 635725 647050 642875 636350 625750 636900 674375 674375 669750 635600 656800 668050 653400 604950 598275 612825 650250 611600 643700 642525 620650 644100 614000 641975 612200 683025 653575 666075 649975 652175 661575 636375 
0 599000 0 0 0 0 672925 0 0 0 0 0 0 0 659075 0 0 0 0 0 0 0 653200 0 0 0 0 644675 0 0 0 0 0 0 0 0 0 0 0 0 0 0 0 0 0 0 0 0 0 0 0 0 0 0 0 0 0 0 0 0 0 0 0 0 
0 0 636175 0 0 0 0 0 0 0 0 0 0 0 0 0 0 658000 0 0 0 0 0 0 0 0 0 643650 0 0 0 0 0 0 0 0 0 0 0 0 0 0 0 0 0 0 0 0 0 652675 0 0 0 0 0 0 0 0 0 0 0 0 0 0 
0 0 0 650100 0 0 0 0 0 0 0 634950 0 0 0 0 0 0 0 0 0 0 0 0 0 0 0 632750 0 0 0 0 0 0 0 0 0 0 0 0 0 0 0 0 0 0 0 0 0 0 0 0 0 0 0 0 0 0 0 0 0 0 0 0 
0 0 664625 0 656775 0 0 0 0 0 0 0 0 624150 0 0 0 0 0 0 0 0 0 0 0 0 0 639800 0 0 0 0 0 0 0 0 666950 0 0 0 0 0 0 0 0 0 0 0 0 0 0 0 0 0 0 0 0 0 0 0 0 0 0 0 
0 0 0 0 613100 617850 0 0 0 0 0 0 0 0 0 0 0 0 0 0 0 0 0 0 0 0 0 622750 0 0 660925 0 0 0 0 0 0 0 0 0 0 0 0 0 0 0 0 0 0 0 0 0 0 624250 0 0 0 0 0 0 0 0 0 0 
0 0 0 0 0 658450 622350 647300 0 0 0 0 0 0 0 654875 0 0 0 0 0 0 0 0 0 0 0 634200 0 0 0 0 0 0 0 0 0 0 0 640625 0 0 0 0 0 0 0 0 0 0 0 0 0 0 0 0 0 0 0 0 0 0 0 0 
0 0 0 0 0 0 654900 660025 0 0 0 0 0 0 0 0 0 0 0 0 0 633900 0 667700 0 0 0 627825 0 0 0 0 0 0 0 0 0 0 0 0 0 0 0 0 0 0 0 0 0 0 0 0 0 0 0 0 0 0 0 0 0 0 0 0 
0 0 0 0 0 0 0 0 651500 0 0 0 0 0 0 0 0 0 0 0 0 0 0 0 0 0 0 621000 0 0 0 0 0 0 0 0 0 633925 0 0 0 0 0 0 0 0 0 0 0 0 0 0 0 0 0 0 0 0 0 0 0 0 0 0 
0 0 0 0 0 670750 0 0 0 656350 0 0 0 0 0 0 0 0 0 0 0 0 0 0 0 0 0 659700 0 0 0 0 0 0 0 0 0 0 0 0 0 0 0 0 0 0 0 0 0 0 0 0 0 0 0 0 0 0 0 0 0 0 0 0 
0 0 0 0 0 0 0 0 0 0 650300 0 0 0 0 0 0 0 0 0 0 0 0 0 0 0 0 668700 0 0 0 0 0 0 655875 0 0 0 0 0 0 0 0 0 0 0 0 0 0 0 0 0 0 0 0 0 0 0 0 0 0 0 0 0 
0 0 0 0 0 0 0 0 0 0 656750 655500 0 0 0 0 0 0 0 0 0 0 0 0 0 0 624175 668800 0 0 0 0 0 0 0 0 0 0 0 0 0 0 0 0 0 0 0 0 0 0 0 0 0 0 0 0 0 0 0 0 0 0 0 0 
0 0 0 0 661525 0 0 0 0 0 0 0 672250 0 0 0 0 0 0 673050 0 0 0 0 0 0 0 630600 0 0 0 0 0 0 0 0 0 0 0 0 0 0 0 0 0 0 0 0 0 0 0 0 0 0 0 0 0 0 0 0 0 0 0 0 
0 0 0 0 0 0 0 0 0 0 0 0 664375 658800 649950 0 0 0 0 0 0 0 0 0 0 0 0 616550 0 0 0 0 0 0 0 0 0 0 0 0 0 0 0 0 0 0 0 0 0 0 0 0 0 0 0 0 0 0 0 0 0 0 0 0 
0 0 0 0 0 0 0 0 0 0 0 0 0 644350 633300 0 0 0 0 0 0 0 628175 0 0 0 0 667750 0 0 595525 0 0 0 0 0 0 0 674975 0 0 0 0 0 0 0 0 0 0 0 0 0 0 0 0 0 0 0 0 0 0 0 0 0 
0 0 0 0 0 0 0 0 0 0 0 0 0 0 0 631300 0 0 0 0 0 0 0 658625 0 0 0 662525 0 0 0 0 0 0 0 0 0 0 0 0 0 0 0 0 0 0 0 0 0 0 0 0 637100 653575 0 0 0 0 0 0 0 0 0 0 
0 0 0 0 0 0 0 0 0 0 0 0 0 0 0 0 645125 0 0 0 646225 0 0 0 0 0 0 654000 0 0 0 0 0 0 0 0 0 0 0 0 0 0 0 0 0 0 0 0 0 0 0 0 0 0 0 0 0 0 0 0 0 0 0 0 
0 0 629425 0 0 0 0 0 0 0 0 0 0 0 0 0 0 632775 0 0 0 0 0 0 0 646925 0 620700 0 0 0 0 0 0 0 0 0 0 0 0 0 0 0 0 0 0 0 0 0 0 0 0 0 0 0 0 0 0 0 0 0 0 0 0 
0 0 0 0 0 0 0 0 0 0 0 0 0 0 0 0 0 0 651450 0 0 0 0 0 631675 0 0 631275 0 0 0 0 0 0 0 0 0 0 0 0 0 0 0 0 0 0 0 0 0 0 0 0 0 0 0 0 0 0 0 0 0 0 0 0 
0 644225 0 0 0 0 0 0 0 0 0 635300 0 0 0 0 0 0 0 656125 0 0 0 0 0 0 0 628175 0 0 0 0 0 0 0 0 0 0 0 0 0 0 0 0 0 0 0 0 0 0 0 0 0 0 0 0 0 0 0 0 0 0 0 0 
0 0 0 0 0 0 0 0 0 0 0 0 0 0 0 0 0 0 0 0 639450 0 0 0 0 0 0 661350 0 0 0 0 635850 0 0 0 0 0 0 0 0 0 0 0 0 0 0 0 0 0 0 0 0 0 0 0 0 0 0 0 0 0 0 0 
0 0 0 0 0 0 0 0 0 0 0 0 0 0 0 0 0 0 0 0 0 639300 0 0 0 0 0 643075 0 0 0 0 0 0 0 647325 0 0 0 0 0 650525 0 0 612800 0 0 0 0 0 0 0 0 0 0 0 0 0 0 0 0 0 0 0 
0 0 0 0 0 0 633625 0 0 0 0 0 0 0 626950 0 0 0 0 0 0 0 624025 0 0 0 0 652625 0 0 0 0 0 0 0 0 0 0 0 0 0 0 0 0 0 0 0 0 0 0 0 0 0 0 0 0 0 647750 0 0 0 0 0 0 
0 0 0 0 0 0 0 0 0 0 0 0 0 0 0 0 0 0 0 0 0 0 633925 643275 0 0 0 626950 0 0 649775 0 0 0 0 0 0 0 621775 0 0 0 0 0 0 0 0 0 0 0 0 0 0 0 0 0 0 0 0 0 662150 0 0 0 
0 0 0 0 0 0 0 0 0 0 0 0 0 0 0 0 0 0 0 0 0 0 0 0 655500 0 619700 614275 0 0 0 0 0 0 0 0 0 0 0 0 0 0 0 0 0 0 0 0 0 0 0 0 0 0 0 0 0 0 0 0 0 0 0 0 
0 0 0 0 0 0 0 0 0 0 0 0 0 0 0 0 0 645325 0 0 0 0 0 0 0 608275 0 643075 0 0 0 0 0 629325 0 0 0 0 0 0 0 0 0 0 0 0 0 0 0 0 0 0 0 0 0 0 0 0 0 0 0 0 0 0 
0 0 0 0 0 0 0 0 626300 0 0 0 0 0 0 0 0 0 0 0 0 0 0 0 0 0 640450 636950 0 0 0 0 0 0 0 0 0 0 0 0 0 0 649950 0 0 0 0 0 0 0 0 0 0 0 0 0 0 0 0 0 0 0 0 0 
632075 616200 653325 652875 636675 643425 620025 626450 655400 645250 651500 631425 633325 644875 629150 619625 638725 643125 636775 628675 634400 646350 633400 662025 612500 654375 644700 620900 644475 623100 634850 622025 660775 649250 633775 661700 632475 637775 662725 634675 645650 636800 680025 641625 588800 643650 643725 640675 637325 638525 621575 646175 637075 589975 632650 642475 640550 652225 653275 658500 635575 654175 630725 650825 
0 0 0 0 0 0 0 0 0 655950 0 0 0 595900 0 0 0 0 0 0 0 0 0 0 0 0 0 616650 640375 0 0 0 0 0 0 0 664375 0 0 0 0 0 0 0 0 0 0 0 0 0 0 0 0 0 0 0 0 0 0 0 0 0 0 0 
0 0 0 0 0 0 0 0 0 0 0 0 0 0 0 0 0 0 653950 0 0 0 0 0 0 0 0 656125 0 633700 0 0 0 0 0 0 0 0 0 0 0 0 0 0 0 640575 0 0 0 0 0 0 643300 0 0 0 0 0 0 0 0 0 0 0 
0 0 0 0 0 0 0 0 0 0 0 0 0 0 644750 0 0 0 0 0 0 0 667325 0 0 0 0 623525 656125 0 639875 0 0 0 0 0 0 0 656075 0 0 0 0 0 0 0 0 0 0 0 0 0 0 0 0 0 0 0 0 0 0 0 0 0 
0 0 0 0 0 0 0 0 0 0 0 0 0 0 0 0 0 0 0 0 0 0 0 0 0 0 0 633025 0 622975 0 648125 0 0 0 0 0 0 0 0 0 0 0 0 0 0 0 0 0 0 0 0 0 0 623925 0 0 0 0 0 0 0 634325 0 
0 0 0 0 0 0 0 0 0 0 0 0 614450 0 0 0 0 0 0 0 0 0 0 0 0 0 0 626750 0 0 0 0 643650 0 0 0 0 0 0 0 0 0 0 0 0 0 0 0 0 0 0 0 0 0 0 0 0 0 0 0 0 0 0 0 
0 0 0 0 0 0 0 0 0 0 0 0 0 0 0 0 0 0 0 0 0 0 0 0 0 0 0 632475 0 0 0 0 0 658600 628400 0 0 0 0 0 621875 0 0 0 0 0 0 0 0 0 0 0 0 0 0 0 0 0 0 0 0 0 0 0 
0 0 0 0 0 0 0 0 0 0 0 0 0 0 0 0 0 0 0 0 0 0 0 0 0 646475 0 657725 0 0 0 0 0 0 639750 646675 648725 0 0 0 0 0 0 0 0 0 0 0 0 0 0 0 0 0 0 0 0 0 0 0 0 0 0 0 
0 0 0 0 0 0 0 0 0 0 0 0 0 0 0 0 621300 0 0 0 0 0 0 0 0 0 0 661550 0 0 0 0 0 0 0 619750 0 0 0 0 0 0 0 658725 0 0 0 0 0 0 0 0 0 0 0 0 0 0 0 0 0 0 0 0 
0 0 0 0 0 0 0 0 0 0 0 0 0 0 0 0 0 0 0 0 0 0 0 0 0 0 0 641550 0 0 0 0 0 645575 0 0 630475 659950 0 0 0 0 0 0 0 0 0 0 0 0 0 0 0 0 0 0 0 0 0 0 0 0 0 0 
0 0 0 0 0 0 0 0 0 0 0 0 0 0 0 0 0 0 0 0 0 0 0 0 0 0 0 628600 0 0 0 0 0 0 0 624725 623775 641875 0 0 0 0 0 0 0 0 0 0 0 0 0 0 0 0 0 0 0 0 0 0 0 624925 0 0 
0 0 0 0 0 0 0 0 0 0 0 0 0 0 0 0 0 0 0 0 0 0 0 0 0 0 0 631025 0 0 0 0 0 0 0 0 0 0 664175 0 0 0 0 0 0 0 647125 0 0 0 0 652600 0 0 605625 0 0 0 0 0 0 0 639200 0 
0 0 0 0 0 0 0 0 0 0 0 0 0 0 0 639200 0 0 0 0 0 0 0 648650 0 0 0 614050 0 0 0 0 0 0 0 0 0 0 669775 640800 0 0 0 0 0 0 0 0 0 0 0 0 0 0 659600 0 0 0 0 0 0 0 0 0 
0 0 0 0 0 0 0 0 0 0 0 0 0 0 0 0 0 0 0 0 0 0 0 0 0 0 0 641875 0 0 0 0 0 0 0 0 0 0 0 0 632425 0 0 0 0 664700 0 0 0 0 0 0 627375 0 0 0 0 0 0 0 0 0 0 0 
0 0 0 0 0 0 0 0 0 0 0 0 0 0 0 0 0 0 0 0 0 0 0 0 0 0 0 620600 0 0 0 0 0 0 0 671975 0 0 0 0 0 640950 0 0 0 0 0 0 0 0 0 0 0 0 0 0 621375 0 0 0 0 0 0 0 
0 0 0 0 0 0 0 0 0 0 0 0 0 0 0 0 0 0 0 0 0 0 0 0 0 0 0 652200 0 0 0 0 0 0 0 0 0 0 0 0 0 0 655525 0 0 0 0 0 0 0 625675 0 0 0 0 0 0 0 0 0 0 0 0 0 
0 0 0 641625 0 0 0 0 0 0 0 0 0 0 0 0 0 0 0 0 0 0 0 0 0 0 0 655000 0 626325 0 0 0 0 0 0 0 0 0 0 0 0 0 703800 0 0 0 0 0 0 0 0 0 0 0 0 0 0 0 0 0 0 0 0 
0 0 0 0 0 0 0 0 0 0 0 0 0 0 0 0 0 0 0 0 0 0 0 0 0 0 0 637350 0 0 684425 0 0 0 0 0 0 0 0 0 0 643175 0 0 672475 0 0 0 643750 0 0 0 0 631400 0 0 0 0 0 0 0 0 0 0 
0 0 0 0 0 0 0 652325 0 0 0 0 0 0 0 0 0 0 0 0 0 629825 0 0 0 0 0 630325 0 0 604150 0 0 0 0 0 0 0 0 0 0 0 0 0 0 655350 661325 0 0 0 0 0 0 0 612700 0 0 0 0 0 0 0 0 0 
0 0 0 0 0 0 0 0 0 0 0 0 0 0 0 0 0 0 0 0 0 0 636325 647175 0 0 0 618400 0 0 632500 0 0 0 0 0 0 0 632600 635475 0 0 0 0 0 0 656100 655900 0 0 0 0 0 0 0 0 0 0 0 0 0 0 0 0 
0 0 0 0 0 0 0 0 0 0 0 0 0 0 0 0 0 0 0 0 0 0 0 644075 0 0 0 657175 0 0 0 629325 0 0 0 0 0 0 0 643450 0 0 0 0 0 614075 657650 661125 0 0 0 0 0 0 652650 646450 0 0 0 0 0 0 0 0 
0 0 0 0 0 0 0 0 0 0 0 0 0 0 0 0 0 0 0 0 0 0 0 0 0 0 0 658675 0 0 0 0 0 0 0 0 0 0 0 0 0 649125 0 0 0 0 642700 0 645200 0 0 0 0 0 619675 0 0 0 0 0 0 0 636850 0 
0 0 0 0 0 0 0 0 0 0 0 0 0 0 0 0 0 0 0 0 0 0 0 0 0 0 0 677525 0 0 0 0 0 0 0 0 0 0 0 0 0 0 0 0 0 0 0 0 0 655400 0 0 623075 626275 0 0 0 0 0 0 0 0 0 0 
0 0 0 0 0 0 0 0 0 0 0 0 0 0 0 0 0 0 0 0 0 0 0 0 0 0 0 612875 0 0 0 0 0 0 0 0 0 0 0 0 0 0 0 0 0 0 0 0 0 0 626050 607875 0 0 0 0 0 0 0 0 0 0 0 0 
0 0 0 0 0 0 0 0 0 0 0 0 0 0 0 0 0 0 0 630100 0 0 0 0 0 0 0 620075 0 0 0 0 0 0 0 0 0 0 0 0 0 0 0 0 0 0 0 0 0 0 0 625475 0 0 0 0 0 0 0 629250 0 0 0 0 
0 0 0 0 0 0 0 0 0 0 0 0 0 0 0 0 0 0 0 0 0 0 0 0 0 0 0 617950 0 0 0 0 0 0 0 0 0 0 654325 641625 0 0 0 0 630875 0 0 0 0 0 0 0 622850 0 660000 0 0 0 0 0 0 0 0 0 
0 0 0 0 0 669450 0 619050 0 0 0 0 0 0 0 652000 0 0 0 0 0 0 0 0 0 0 0 631975 0 0 0 0 0 0 0 0 0 0 0 663250 0 0 0 0 0 0 0 0 0 0 0 0 0 648825 0 0 0 0 0 0 0 648675 0 0 
0 0 0 0 0 0 0 0 0 0 0 0 0 0 0 0 0 0 0 0 0 0 0 659275 0 0 0 650850 0 0 0 630600 0 0 0 0 0 0 0 637250 0 0 0 0 0 0 651600 634350 627300 0 0 0 0 0 659975 0 0 0 0 0 0 0 0 651850 
0 0 0 0 0 0 0 0 0 0 0 0 0 0 0 0 0 0 0 0 0 0 0 0 0 0 0 643900 0 0 0 654975 0 0 0 0 0 0 0 0 0 0 0 0 0 0 0 0 0 0 0 0 0 0 0 634225 0 0 0 0 0 0 0 0 
0 0 0 0 0 0 0 0 0 0 0 0 0 0 0 0 0 0 0 0 0 0 0 660550 0 0 0 637250 0 0 0 636750 0 0 0 0 0 0 0 621050 0 0 0 0 0 0 0 0 630250 0 0 0 0 0 0 0 641400 0 0 0 0 0 0 638875 
0 0 0 0 0 0 0 0 0 0 0 0 0 0 0 0 0 0 0 0 0 0 0 0 0 0 0 647650 0 0 0 662200 0 0 0 0 0 0 0 0 0 0 0 0 0 0 0 0 0 0 0 0 0 0 623950 0 0 643975 0 0 0 0 623450 0 
0 0 0 0 0 0 0 0 0 0 0 0 0 0 0 0 0 0 0 0 0 0 0 0 0 0 0 666450 0 0 0 0 0 0 0 0 0 0 0 0 0 0 0 0 0 0 0 0 0 0 0 0 0 0 0 0 0 0 634025 0 0 0 0 0 
0 0 0 0 0 0 0 0 0 0 0 0 0 0 0 0 0 0 0 0 0 0 0 0 0 0 0 607475 0 0 0 0 0 0 0 0 0 0 0 0 0 0 0 639075 0 0 0 0 0 0 0 0 0 0 0 0 0 0 0 690325 638975 0 0 0 
0 0 0 0 0 0 0 0 0 0 0 0 0 0 0 0 0 0 0 0 0 0 0 0 0 0 0 652250 0 0 0 0 0 0 0 0 0 0 0 0 0 0 0 0 0 0 0 631450 0 0 0 0 0 0 0 0 0 0 0 629325 617825 0 626400 0 
0 0 0 0 0 0 0 0 0 0 0 0 0 0 0 0 0 0 0 0 0 0 0 612175 0 0 0 675200 0 0 0 642950 0 0 0 0 0 0 0 643950 0 0 0 0 0 632675 0 616150 0 0 0 0 0 0 0 648225 0 0 0 0 0 617425 654325 0 
0 0 0 0 0 0 637725 0 0 0 0 0 0 0 0 0 0 0 0 0 0 0 0 621600 0 0 0 636925 0 0 0 647400 0 0 0 0 0 0 0 629975 0 0 0 0 0 0 653400 0 0 0 0 0 0 0 646475 0 0 0 0 0 0 0 597550 0 
0 0 0 0 0 0 0 0 0 0 0 0 0 0 0 0 0 0 0 0 0 0 0 0 0 0 0 634375 0 0 0 0 0 0 0 0 0 0 0 0 0 0 0 0 0 0 0 0 0 0 0 0 0 0 0 0 0 0 0 0 0 0 0 661700 
